## This is a GAP library file generated by 
## SPECHT version 2.0, (C) Andrew Mathas 1996.

## This file contains the decomposition matrix
## of the q-Schur algebra of Sym(10) over a field
## of characteristic 0 with e=3.

A_Specht_Decomposition_Matrix:=rec(
d:=[[1,1],[1,2],[1,1,1,3],[1,1,3,4],[1,5],[1,1,4,6],[1,7],[1,1,1,3,4,8],[1,1,
7,9],[1,1,9,10],[1,1,1,2,5,11],[1,1,1,9,10,12],[1,1,1,5,11,13],[1,1,1,1,4,6,8,
14],[1,1,1,3,8,15],[1,1,1,8,15,16],[1,17],[1,1,1,1,1,4,6,8,16,18],[1,1,1,1,1,
1,1,1,3,4,6,8,16,19],[1,1,1,1,1,1,1,1,4,6,8,14,16,18,19,20],[1,1,1,1,1,1,8,14,
15,16,20,21],[1,1,1,1,1,1,3,4,8,19,20,22],[1,1,1,1,7,9,12,23],[1,1,11,24],[1,
1,1,16,19,25],[1,1,1,1,1,1,16,18,19,20,25,26],[1,27],[1,1,1,1,11,13,24,28],[1,
1,1,1,2,11,28,29],[1,1,1,1,1,1,1,1,1,1,1,3,8,16,19,20,21,22,26,30],[1,1,1,9,
12,31],[1,1,1,1,1,1,19,20,22,25,26,32],[1,1,1,1,12,23,31,33],[1,1,1,28,29,
34],[1,1,1,23,33,35],[1,1,1,1,1,1,1,1,1,4,8,14,16,19,20,25,32,36],[1,1,1,1,1,
1,14,20,21,32,36,37],[1,1,1,1,1,1,1,1,20,21,22,26,30,32,37,38],[1,1,1,1,13,28,
34,39],[1,1,1,1,1,1,18,20,26,37,38,40],[1,1,1,1,10,12,33,41],[1,1,1,1,1,1,1,1,
1,1,6,14,18,19,20,26,32,37,40,42]],rows:=[[1,1,1,1,1,1,1,1,1,1],[2,1,1,1,1,1,
1,1,1],[2,2,1,1,1,1,1,1],[2,2,2,1,1,1,1],[2,2,2,2,1,1],[2,2,2,2,2],[3,1,1,1,1,
1,1,1],[3,2,1,1,1,1,1],[3,2,2,1,1,1],[3,2,2,2,1],[3,3,1,1,1,1],[3,3,2,1,1],[3,
3,2,2],[3,3,3,1],[4,1,1,1,1,1,1],[4,2,1,1,1,1],[4,2,2,1,1],[4,2,2,2],[4,3,1,1,
1],[4,3,2,1],[4,3,3],[4,4,1,1],[4,4,2],[5,1,1,1,1,1],[5,2,1,1,1],[5,2,2,1],[5,
3,1,1],[5,3,2],[5,4,1],[5,5],[6,1,1,1,1],[6,2,1,1],[6,2,2],[6,3,1],[6,4],[7,1,
1,1],[7,2,1],[7,3],[8,1,1],[8,2],[9,1],[10]],cols:=[[1,1,1,1,1,1,1,1,1,1],[2,
1,1,1,1,1,1,1,1],[2,2,1,1,1,1,1,1],[2,2,2,1,1,1,1],[2,2,2,2,1,1],[2,2,2,2,2],[
3,1,1,1,1,1,1,1],[3,2,1,1,1,1,1],[3,2,2,1,1,1],[3,2,2,2,1],[3,3,1,1,1,1],[3,3,
2,1,1],[3,3,2,2],[3,3,3,1],[4,1,1,1,1,1,1],[4,2,1,1,1,1],[4,2,2,1,1],[4,2,2,
2],[4,3,1,1,1],[4,3,2,1],[4,3,3],[4,4,1,1],[4,4,2],[5,1,1,1,1,1],[5,2,1,1,1],[
5,2,2,1],[5,3,1,1],[5,3,2],[5,4,1],[5,5],[6,1,1,1,1],[6,2,1,1],[6,2,2],[6,3,
1],[6,4],[7,1,1,1],[7,2,1],[7,3],[8,1,1],[8,2],[9,1],[10]]);
