## This is a GAP library file generated by 
## SPECHT version 2.0, (C) Andrew Mathas 1996.

## This file contains the decomposition matrix
## of the symmetric group Sym(13) over a field
## of characteristic 3.

A_Specht_Decomposition_Matrix:=rec(
d:=[[1,1,1,1,16,17,19,29],[1,1,1,1,1,1,1,1,1,12,18,20,25,26,28,30,31,32],[1,1,
1,1,1,1,11,13,15,21,35,36],[1,1,24,37],[1,1,1,1,1,1,1,1,1,6,7,12,27,28,32,33,
34,38],[1,1,1,1,29,43,46,47],[1,1,1,1,1,1,1,1,1,25,26,28,30,31,32,42,44,48],[
1,1,45,49],[1,1,1,1,1,1,10,11,15,35,36,51],[1,1,1,1,1,1,1,1,5,14,16,29,46,47,
50,52],[1,1,1,1,1,1,1,1,1,1,1,1,23,25,27,28,31,32,38,39,41,42,48,53],[1,1,1,1,
1,1,1,1,14,16,19,29,40,46,52,54],[1,1,1,1,1,1,1,1,2,1,1,1,1,1,1,1,1,1,4,6,9,
12,18,23,25,27,28,30,31,32,34,38,48,53,55,56],[1,1,1,1,1,1,1,1,1,9,18,22,23,
28,31,53,56,57],[1,1,1,1,1,1,35,36,51,60,61,63],[1,1,1,1,1,1,46,47,50,52,62,
64],[1,1,1,1,1,1,1,1,1,1,1,1,27,28,32,33,34,38,41,42,48,53,59,65],[1,1,1,1,51,
63,66,67],[1,1,1,1,1,1,1,1,1,1,15,21,35,36,51,58,60,63,67,68],[1,1,1,1,1,1,1,
1,1,1,1,1,3,4,9,27,28,34,48,53,55,56,65,69],[1,1,1,1,1,1,1,1,8,10,15,35,51,67,
68,70],[1,1,2,1,1,2,1,2,2,1,1,1,2,5,14,16,29,46,47,50,52,54,64,71],[1,1,37,
74],[1,1,1,1,1,1,1,1,2,1,1,1,1,1,1,1,1,1,28,30,31,32,34,38,42,44,48,53,55,56,
59,65,73,75,76,77],[1,1,1,1,1,1,1,1,1,1,1,1,1,1,1,18,20,28,30,31,32,53,56,57,
59,65,72,73,77,78],[1,1,1,1,1,1,1,1,1,48,53,55,56,65,69,76,77,79],[1,1,1,1,67,
68,70,80],[1,1,1,1,1,1,1,1,1,53,56,57,65,69,77,78,79,81],[1,1,1,1,2,1,1,2,2,1,
2,4,2,3,2,2,2,1,2,1,3,3,2,2,1,1,1,1,1,1,1,1,3,4,6,9,12,18,23,25,26,27,28,30,
31,32,34,38,39,42,44,48,53,55,56,57,65,69,75,77,81,82],[1,1,1,1,1,1,1,1,1,1,1,
1,31,32,38,39,48,53,73,75,76,77,84,85],[1,1,49,86],[1,1,1,1,1,1,1,1,1,1,19,29,
46,47,52,54,62,64,83,87],[1,1,1,1,1,1,52,54,64,71,87,88],[1,1,1,1,1,1,1,1,1,
38,39,53,75,77,81,82,85,89],[1,1,1,1,1,1,1,1,1,1,1,1,32,33,38,48,53,65,76,77,
79,84,85,91],[1,1,1,1,1,1,1,1,21,36,63,67,68,80,90,92],[1,1,1,1,1,1,47,52,64,
87,88,93],[1,1,1,1,1,1,1,1,36,51,61,63,67,80,92,94],[1,1,1,1,1,1,1,1,1,20,30,
32,65,77,78,91,95,96],[1,1,1,1,1,1,1,1,1,2,1,1,1,1,1,1,1,1,30,32,38,44,48,53,
56,65,75,77,78,79,81,85,89,91,96,97],[1,1,1,1,1,1,1,1,17,19,29,47,64,87,93,
98],[1,1,1,1,1,1,1,1,1,1,1,1,26,30,31,32,44,48,75,77,85,96,97,99],[1,1,1,2,1,
2,2,1,1,2,1,1,13,21,35,36,51,61,63,67,80,92,94,100],[1,1,1,1,1,2,1,3,1,1,2,2,
3,2,1,2,3,1,2,2,4,1,2,1,2,1,2,2,1,1,1,7,12,20,26,28,30,31,32,33,34,38,44,48,
53,55,56,65,69,75,76,77,78,79,81,85,89,91,96,97,99,101]],rows:=[[1,1,1,1,1,1,
1,1,1,1,1,1,1],[2,1,1,1,1,1,1,1,1,1,1,1],[2,2,1,1,1,1,1,1,1,1,1],[2,2,2,1,1,1,
1,1,1,1],[2,2,2,2,1,1,1,1,1],[2,2,2,2,2,1,1,1],[2,2,2,2,2,2,1],[3,1,1,1,1,1,1,
1,1,1,1],[3,2,1,1,1,1,1,1,1,1],[3,2,2,1,1,1,1,1,1],[3,2,2,2,1,1,1,1],[3,2,2,2,
2,1,1],[3,2,2,2,2,2],[3,3,1,1,1,1,1,1,1],[3,3,2,1,1,1,1,1],[3,3,2,2,1,1,1],[3,
3,2,2,2,1],[3,3,3,1,1,1,1],[3,3,3,2,1,1],[3,3,3,2,2],[3,3,3,3,1],[4,1,1,1,1,1,
1,1,1,1],[4,2,1,1,1,1,1,1,1],[4,2,2,1,1,1,1,1],[4,2,2,2,1,1,1],[4,2,2,2,2,1],[
4,3,1,1,1,1,1,1],[4,3,2,1,1,1,1],[4,3,2,2,1,1],[4,3,2,2,2],[4,3,3,1,1,1],[4,3,
3,2,1],[4,3,3,3],[4,4,1,1,1,1,1],[4,4,2,1,1,1],[4,4,2,2,1],[4,4,3,1,1],[4,4,3,
2],[4,4,4,1],[5,1,1,1,1,1,1,1,1],[5,2,1,1,1,1,1,1],[5,2,2,1,1,1,1],[5,2,2,2,1,
1],[5,2,2,2,2],[5,3,1,1,1,1,1],[5,3,2,1,1,1],[5,3,2,2,1],[5,3,3,1,1],[5,3,3,
2],[5,4,1,1,1,1],[5,4,2,1,1],[5,4,2,2],[5,4,3,1],[5,4,4],[5,5,1,1,1],[5,5,2,
1],[5,5,3],[6,1,1,1,1,1,1,1],[6,2,1,1,1,1,1],[6,2,2,1,1,1],[6,2,2,2,1],[6,3,1,
1,1,1],[6,3,2,1,1],[6,3,2,2],[6,3,3,1],[6,4,1,1,1],[6,4,2,1],[6,4,3],[6,5,1,
1],[6,5,2],[6,6,1],[7,1,1,1,1,1,1],[7,2,1,1,1,1],[7,2,2,1,1],[7,2,2,2],[7,3,1,
1,1],[7,3,2,1],[7,3,3],[7,4,1,1],[7,4,2],[7,5,1],[7,6],[8,1,1,1,1,1],[8,2,1,1,
1],[8,2,2,1],[8,3,1,1],[8,3,2],[8,4,1],[8,5],[9,1,1,1,1],[9,2,1,1],[9,2,2],[9,
3,1],[9,4],[10,1,1,1],[10,2,1],[10,3],[11,1,1],[11,2],[12,1],[13]],cols:=[[4,
3,2,2,1,1],[4,3,3,2,1],[4,4,2,2,1],[4,4,3,1,1],[4,4,3,2],[5,3,2,2,1],[5,3,3,1,
1],[5,3,3,2],[5,4,2,1,1],[5,4,2,2],[5,4,3,1],[5,4,4],[5,5,2,1],[5,5,3],[6,3,2,
1,1],[6,3,2,2],[6,3,3,1],[6,4,2,1],[6,4,3],[6,5,1,1],[6,5,2],[6,6,1],[7,2,2,1,
1],[7,3,2,1],[7,3,3],[7,4,1,1],[7,4,2],[7,5,1],[7,6],[8,2,2,1],[8,3,1,1],[8,3,
2],[8,4,1],[8,5],[9,2,1,1],[9,2,2],[9,3,1],[9,4],[10,2,1],[10,3],[11,1,1],[11,
2],[12,1],[13]]);
