## This is a GAP library file generated by 
## SPECHT version 2.0, (C) Andrew Mathas 1996.

## This file contains the decomposition matrix
## of the symmetric group Sym(11) over a field
## of characteristic 3.

A_Specht_Decomposition_Matrix:=rec(
d:=[[1,1,1,10,13,14],[1,1,1,1,1,1,9,11,15,19,20,22],[1,1,1,1,1,1,5,6,12,16,21,
23],[1,1,18,24],[1,1,1,1,1,1,4,8,9,22,25,26],[1,1,1,1,1,1,1,1,8,9,15,17,19,22,
26,27],[1,1,1,1,19,20,22,30],[1,1,1,1,1,1,21,23,29,31,32,33],[1,1,1,1,1,1,1,1,
12,16,21,23,28,29,33,34],[1,1,1,1,1,1,1,1,3,5,12,21,23,32,33,35],[1,1,1,7,13,
36],[1,1,1,1,1,1,1,1,2,3,12,21,33,34,35,37],[1,1,1,1,1,1,22,25,26,30,39,40],[
1,1,1,1,32,33,35,41],[1,1,1,1,1,13,14,36,38,42],[1,1,1,36,42,43],[1,1,2,1,1,2,
2,2,1,1,1,1,1,4,8,9,19,22,25,26,27,30,40,44],[1,1,24,46],[1,1,1,1,1,1,1,1,15,
22,26,27,39,40,45,47],[1,1,1,1,1,1,33,34,35,37,41,48],[1,1,1,1,1,1,26,27,40,
44,47,49],[1,1,1,1,1,1,1,1,16,23,33,34,41,48,50,51],[1,1,1,1,1,1,23,31,33,48,
51,52],[1,1,1,14,42,53],[1,1,1,1,1,1,1,1,20,22,26,30,40,47,49,54],[1,1,1,1,1,
1,1,1,11,15,20,22,40,47,54,55],[1,1,1,2,2,1,2,1,1,2,1,1,6,16,21,23,31,32,33,
41,48,51,52,56]],rows:=[[1,1,1,1,1,1,1,1,1,1,1],[2,1,1,1,1,1,1,1,1,1],[2,2,1,
1,1,1,1,1,1],[2,2,2,1,1,1,1,1],[2,2,2,2,1,1,1],[2,2,2,2,2,1],[3,1,1,1,1,1,1,1,
1],[3,2,1,1,1,1,1,1],[3,2,2,1,1,1,1],[3,2,2,2,1,1],[3,2,2,2,2],[3,3,1,1,1,1,
1],[3,3,2,1,1,1],[3,3,2,2,1],[3,3,3,1,1],[3,3,3,2],[4,1,1,1,1,1,1,1],[4,2,1,1,
1,1,1],[4,2,2,1,1,1],[4,2,2,2,1],[4,3,1,1,1,1],[4,3,2,1,1],[4,3,2,2],[4,3,3,
1],[4,4,1,1,1],[4,4,2,1],[4,4,3],[5,1,1,1,1,1,1],[5,2,1,1,1,1],[5,2,2,1,1],[5,
2,2,2],[5,3,1,1,1],[5,3,2,1],[5,3,3],[5,4,1,1],[5,4,2],[5,5,1],[6,1,1,1,1,1],[
6,2,1,1,1],[6,2,2,1],[6,3,1,1],[6,3,2],[6,4,1],[6,5],[7,1,1,1,1],[7,2,1,1],[7,
2,2],[7,3,1],[7,4],[8,1,1,1],[8,2,1],[8,3],[9,1,1],[9,2],[10,1],[11]],cols:=[[
3,3,2,2,1],[4,3,2,1,1],[4,3,2,2],[4,3,3,1],[4,4,2,1],[4,4,3],[5,2,2,1,1],[5,3,
2,1],[5,3,3],[5,4,1,1],[5,4,2],[5,5,1],[6,2,2,1],[6,3,1,1],[6,3,2],[6,4,1],[6,
5],[7,2,1,1],[7,2,2],[7,3,1],[7,4],[8,2,1],[8,3],[9,1,1],[9,2],[10,1],[11]]);
