## This is a GAP library file generated by 
## SPECHT version 2.0, (C) Andrew Mathas 1996.

## This file contains the decomposition matrix
## of the symmetric group Sym(14) over a field
## of characteristic 3.

A_Specht_Decomposition_Matrix:=rec(
d:=[[1,1,1,1,1,1,18,21,22,33,34,36],[1,1,1,29,35,37],[1,1,1,1,17,19,23,41],[1,
1,1,1,1,1,1,1,1,1,1,1,13,14,20,24,28,30,32,38,40,42,43,44],[1,1,1,1,1,1,1,1,1,
7,13,14,32,38,39,40,44,45],[1,55],[1,1,1,1,1,1,1,1,1,33,34,36,51,52,54,56,57,
58],[1,1,1,1,1,1,12,16,17,41,61,62],[1,1,1,1,1,1,1,1,27,28,32,43,44,46,50,
63],[1,1,1,1,1,1,1,1,1,1,1,1,1,6,8,18,31,33,36,47,53,54,58,59,60,64],[1,1,1,1,
1,1,1,1,1,1,1,1,31,33,36,47,49,51,53,54,57,58,64,65],[1,1,1,1,1,1,1,1,1,1,1,1,
11,13,20,27,28,32,40,42,43,44,63,67],[1,1,1,1,1,1,2,1,1,1,1,1,1,1,1,1,1,5,6,
15,18,21,31,33,34,36,54,56,57,58,60,64,66,68],[1,1,1,26,35,69],[1,1,1,1,1,1,1,
1,1,1,1,1,1,15,21,31,33,36,48,49,54,57,64,65,68,70],[1,1,1,1,1,1,41,61,62,74,
77,78],[1,1,1,1,1,1,1,1,1,1,1,1,1,28,30,32,38,40,42,43,44,50,63,73,75,79],[1,
1,1,1,1,1,1,1,53,54,58,59,60,64,76,80],[1,82],[1,1,1,1,1,1,61,62,77,78,81,
83],[1,1,1,1,1,1,1,1,1,1,1,1,32,38,39,40,44,45,50,63,72,73,79,84],[1,1,1,1,1,
1,1,1,1,1,16,17,23,41,61,62,71,77,83,85],[1,1,1,1,1,1,1,1,1,1,1,1,4,10,11,32,
39,40,63,67,79,84,86,87],[1,1,1,1,1,1,1,1,1,1,1,1,1,10,11,20,25,27,32,40,43,
63,67,84,87,88],[1,1,1,1,1,1,1,1,1,1,1,1,1,1,1,1,3,5,15,31,33,53,54,57,58,60,
64,65,66,68,80,89],[1,1,2,1,1,2,1,1,1,1,9,12,16,17,41,61,62,83,85,90],[1,1,1,
1,1,1,1,1,1,1,1,1,40,42,43,44,63,67,73,75,79,93,94,96],[1,1,1,1,1,1,1,1,1,1,1,
1,54,56,57,58,60,64,66,68,76,80,95,97],[1,1,1,1,1,35,37,69,92,98],[1,1,1,1,1,
1,1,1,1,63,67,79,84,86,87,96,99,100],[1,1,1,1,1,1,1,1,1,1,1,1,1,2,1,1,1,1,1,1,
1,20,24,32,38,40,42,43,44,63,67,72,73,79,84,87,88,91,93,96,100,101],[1,1,1,69,
98,102],[1,1,1,1,1,1,84,87,88,100,101,103],[1,1,1,1,2,1,1,2,2,1,1,2,1,2,1,2,2,
1,2,2,1,1,1,1,1,2,3,5,6,15,18,21,31,33,34,36,54,56,57,58,60,64,65,66,68,70,80,
89,97,104],[1,1,1,1,2,1,1,2,2,1,4,2,2,4,2,3,4,2,1,2,4,2,2,1,2,2,1,1,1,1,1,1,1,
1,1,7,10,11,13,14,20,27,28,30,32,38,39,40,42,43,44,45,46,50,63,67,73,75,79,84,
86,87,88,94,96,100,103,105],[1,1,1,1,1,1,1,1,43,44,46,63,93,94,96,108],[1,1,1,
1,1,1,1,1,1,1,1,1,36,47,57,58,64,65,95,97,107,109,110,111],[1,1,1,1,2,1,1,1,1,
1,1,1,1,1,1,1,1,1,1,1,1,21,22,33,34,36,54,56,57,58,64,65,68,70,76,80,95,97,
106,107,111,112],[1,1,1,1,1,1,1,1,1,1,1,1,1,57,58,64,65,66,68,80,89,95,97,110,
111,113],[1,1,1,1,83,85,90,114],[1,1,1,1,1,1,1,1,1,1,1,1,64,65,68,70,80,89,97,
104,111,112,113,115],[1,1,1,1,1,1,1,1,1,47,64,65,97,104,109,111,115,116],[1,1,
1,1,1,1,1,1,1,1,1,1,38,44,45,63,79,84,96,99,100,108,118,119],[1,1,1,1,1,1,1,1,
58,59,64,80,110,111,113,120],[1,1,1,1,1,1,1,1,1,1,23,41,62,77,78,83,85,114,
117,121],[1,1,1,1,1,1,62,78,83,114,121,122],[1,1,1,1,1,1,1,1,1,1,1,1,1,44,45,
46,63,84,94,96,100,103,105,108,119,123],[1,1,1,37,98,125],[1,1,1,1,1,1,1,1,1,
1,1,1,1,24,38,42,44,79,84,96,100,101,118,119,124,126],[1,1,1,1,1,1,1,1,1,1,1,
1,56,58,64,68,80,97,111,112,113,115,120,127],[1,1,1,1,1,1,1,1,1,1,2,1,1,1,1,1,
1,42,44,63,67,75,79,84,87,94,96,100,101,103,119,123,126,128],[1,1,1,1,1,1,1,1,
1,1,1,1,1,22,34,36,56,58,80,97,111,112,120,127,129,130],[1,1,1,1,1,1,1,1,1,1,
1,1,34,36,52,56,57,58,97,109,111,127,130,131],[1,1,1,1,2,1,1,2,1,1,19,23,41,
62,78,83,114,121,122,132],[1,1,1,1,1,1,1,1,1,1,1,1,1,1,1,1,30,38,42,43,44,63,
75,79,94,96,100,108,119,126,128,133],[1,1,1,1,1,2,1,2,1,1,2,2,1,1,2,2,2,1,1,2,
1,2,1,1,1,14,24,30,38,40,42,43,44,63,67,75,79,84,87,94,96,100,101,103,119,123,
126,128,133,134],[1,1,1,1,1,2,2,1,1,2,2,4,1,1,4,2,1,2,3,1,2,4,1,2,2,4,1,2,2,1,
2,1,1,1,8,18,22,33,34,36,47,52,54,56,57,58,59,60,64,65,66,68,80,89,95,97,104,
109,110,111,112,113,115,116,120,127,130,135]],rows:=[[1,1,1,1,1,1,1,1,1,1,1,1,
1,1],[2,1,1,1,1,1,1,1,1,1,1,1,1],[2,2,1,1,1,1,1,1,1,1,1,1],[2,2,2,1,1,1,1,1,1,
1,1],[2,2,2,2,1,1,1,1,1,1],[2,2,2,2,2,1,1,1,1],[2,2,2,2,2,2,1,1],[2,2,2,2,2,2,
2],[3,1,1,1,1,1,1,1,1,1,1,1],[3,2,1,1,1,1,1,1,1,1,1],[3,2,2,1,1,1,1,1,1,1],[3,
2,2,2,1,1,1,1,1],[3,2,2,2,2,1,1,1],[3,2,2,2,2,2,1],[3,3,1,1,1,1,1,1,1,1],[3,3,
2,1,1,1,1,1,1],[3,3,2,2,1,1,1,1],[3,3,2,2,2,1,1],[3,3,2,2,2,2],[3,3,3,1,1,1,1,
1],[3,3,3,2,1,1,1],[3,3,3,2,2,1],[3,3,3,3,1,1],[3,3,3,3,2],[4,1,1,1,1,1,1,1,1,
1,1],[4,2,1,1,1,1,1,1,1,1],[4,2,2,1,1,1,1,1,1],[4,2,2,2,1,1,1,1],[4,2,2,2,2,1,
1],[4,2,2,2,2,2],[4,3,1,1,1,1,1,1,1],[4,3,2,1,1,1,1,1],[4,3,2,2,1,1,1],[4,3,2,
2,2,1],[4,3,3,1,1,1,1],[4,3,3,2,1,1],[4,3,3,2,2],[4,3,3,3,1],[4,4,1,1,1,1,1,
1],[4,4,2,1,1,1,1],[4,4,2,2,1,1],[4,4,2,2,2],[4,4,3,1,1,1],[4,4,3,2,1],[4,4,3,
3],[4,4,4,1,1],[4,4,4,2],[5,1,1,1,1,1,1,1,1,1],[5,2,1,1,1,1,1,1,1],[5,2,2,1,1,
1,1,1],[5,2,2,2,1,1,1],[5,2,2,2,2,1],[5,3,1,1,1,1,1,1],[5,3,2,1,1,1,1],[5,3,2,
2,1,1],[5,3,2,2,2],[5,3,3,1,1,1],[5,3,3,2,1],[5,3,3,3],[5,4,1,1,1,1,1],[5,4,2,
1,1,1],[5,4,2,2,1],[5,4,3,1,1],[5,4,3,2],[5,4,4,1],[5,5,1,1,1,1],[5,5,2,1,1],[
5,5,2,2],[5,5,3,1],[5,5,4],[6,1,1,1,1,1,1,1,1],[6,2,1,1,1,1,1,1],[6,2,2,1,1,1,
1],[6,2,2,2,1,1],[6,2,2,2,2],[6,3,1,1,1,1,1],[6,3,2,1,1,1],[6,3,2,2,1],[6,3,3,
1,1],[6,3,3,2],[6,4,1,1,1,1],[6,4,2,1,1],[6,4,2,2],[6,4,3,1],[6,4,4],[6,5,1,1,
1],[6,5,2,1],[6,5,3],[6,6,1,1],[6,6,2],[7,1,1,1,1,1,1,1],[7,2,1,1,1,1,1],[7,2,
2,1,1,1],[7,2,2,2,1],[7,3,1,1,1,1],[7,3,2,1,1],[7,3,2,2],[7,3,3,1],[7,4,1,1,
1],[7,4,2,1],[7,4,3],[7,5,1,1],[7,5,2],[7,6,1],[7,7],[8,1,1,1,1,1,1],[8,2,1,1,
1,1],[8,2,2,1,1],[8,2,2,2],[8,3,1,1,1],[8,3,2,1],[8,3,3],[8,4,1,1],[8,4,2],[8,
5,1],[8,6],[9,1,1,1,1,1],[9,2,1,1,1],[9,2,2,1],[9,3,1,1],[9,3,2],[9,4,1],[9,
5],[10,1,1,1,1],[10,2,1,1],[10,2,2],[10,3,1],[10,4],[11,1,1,1],[11,2,1],[11,
3],[12,1,1],[12,2],[13,1],[14]],cols:=[[4,3,3,2,1,1],[4,3,3,2,2],[4,4,2,2,1,
1],[4,4,3,2,1],[4,4,3,3],[5,3,2,2,1,1],[5,3,3,2,1],[5,4,2,2,1],[5,4,3,1,1],[5,
4,3,2],[5,4,4,1],[5,5,2,1,1],[5,5,2,2],[5,5,3,1],[5,5,4],[6,3,2,2,1],[6,3,3,1,
1],[6,3,3,2],[6,4,2,1,1],[6,4,2,2],[6,4,3,1],[6,4,4],[6,5,2,1],[6,5,3],[6,6,1,
1],[6,6,2],[7,3,2,1,1],[7,3,2,2],[7,3,3,1],[7,4,2,1],[7,4,3],[7,5,1,1],[7,5,
2],[7,6,1],[7,7],[8,2,2,1,1],[8,3,2,1],[8,3,3],[8,4,1,1],[8,4,2],[8,5,1],[8,
6],[9,2,2,1],[9,3,1,1],[9,3,2],[9,4,1],[9,5],[10,2,1,1],[10,2,2],[10,3,1],[10,
4],[11,2,1],[11,3],[12,1,1],[12,2],[13,1],[14]]);
