## This is a GAP library file generated by 
## SPECHT version 2.0, (C) Andrew Mathas 1996.

## This file contains the decomposition matrix
## of the symmetric group Sym(12) over a field
## of characteristic 3.

A_Specht_Decomposition_Matrix:=rec(
d:=[[1,15],[1,1,1,1,1,1,1,1,1,11,12,14,16,17,18,23,26,27],[1,1,1,22,24,28],[1,
1,1,6,25,29],[1,1,10,31],[1,1,1,1,1,1,1,1,1,1,1,1,5,7,11,12,13,14,18,19,26,27,
30,32],[1,1,1,1,21,22,28,33],[1,1,1,1,1,1,23,26,27,37,38,40],[1,1,39,41],[1,1,
1,1,25,29,36,42],[1,1,1,1,1,1,1,1,1,1,1,1,1,4,5,9,11,13,14,26,27,30,32,40,43,
44],[1,1,1,1,1,1,1,1,2,1,1,1,1,1,1,1,1,9,11,13,14,17,18,20,23,26,27,32,34,35,
37,40,44,45],[1,1,1,1,3,25,42,46],[1,1,1,1,1,1,1,1,1,8,9,14,17,20,26,44,45,
47],[1,1,31,50],[1,1,1,1,1,1,2,1,1,1,1,1,1,26,27,30,32,37,38,40,43,44,49,51,
52,53],[1,1,1,1,1,1,1,1,1,1,1,1,1,1,1,1,1,13,14,18,19,26,27,30,32,35,37,40,44,
45,48,49,53,54],[1,1,1,1,1,1,40,43,44,52,53,55],[1,56],[1,1,1,1,1,1,1,1,1,1,2,
1,1,1,1,1,1,2,4,8,9,13,14,26,30,40,43,44,45,47,53,54,55,57],[1,1,1,1,2,1,2,1,
1,3,2,2,2,1,2,1,3,2,2,1,1,1,1,1,1,2,4,5,9,11,13,14,23,26,27,30,32,34,37,38,40,
43,44,45,51,53,57,58],[1,1,1,1,28,33,60,61],[1,1,1,42,46,62],[1,1,1,1,1,1,1,1,
1,1,1,1,1,1,1,14,16,17,18,26,27,44,45,47,48,49,53,54,59,63],[1,1,1,1,1,1,1,1,
1,44,45,47,53,54,55,57,63,64],[1,1,1,33,61,65],[1,1,1,1,29,42,62,67],[1,1,1,1,
1,1,1,1,1,1,1,1,1,1,1,1,1,17,18,26,27,32,34,40,44,45,49,51,52,53,59,63,66,
68],[1,1,41,69],[1,1,1,1,1,1,1,1,1,1,1,1,32,34,44,45,51,53,57,58,63,64,68,
70],[1,1,1,1,1,1,1,1,2,1,1,1,1,1,1,1,1,18,19,27,32,40,44,45,52,53,54,55,63,64,
66,68,71,72],[1,1,1,1,1,1,1,1,1,1,1,1,1,27,32,38,40,44,51,53,63,64,68,70,72,
73],[1,1,1,1,1,1,1,1,1,16,18,27,53,54,63,71,72,74],[1,1,1,1,24,28,61,75],[1,1,
1,1,1,1,2,1,1,1,1,1,1,1,1,1,1,12,16,17,18,23,26,27,38,40,51,53,63,68,72,73,74,
76],[1,1,1,1,1,2,1,2,2,3,1,2,2,2,3,1,1,1,2,1,2,1,1,1,7,12,18,19,26,27,30,32,
38,40,43,44,51,52,53,55,63,64,68,70,72,73,76,77]],rows:=[[1,1,1,1,1,1,1,1,1,1,
1,1],[2,1,1,1,1,1,1,1,1,1,1],[2,2,1,1,1,1,1,1,1,1],[2,2,2,1,1,1,1,1,1],[2,2,2,
2,1,1,1,1],[2,2,2,2,2,1,1],[2,2,2,2,2,2],[3,1,1,1,1,1,1,1,1,1],[3,2,1,1,1,1,1,
1,1],[3,2,2,1,1,1,1,1],[3,2,2,2,1,1,1],[3,2,2,2,2,1],[3,3,1,1,1,1,1,1],[3,3,2,
1,1,1,1],[3,3,2,2,1,1],[3,3,2,2,2],[3,3,3,1,1,1],[3,3,3,2,1],[3,3,3,3],[4,1,1,
1,1,1,1,1,1],[4,2,1,1,1,1,1,1],[4,2,2,1,1,1,1],[4,2,2,2,1,1],[4,2,2,2,2],[4,3,
1,1,1,1,1],[4,3,2,1,1,1],[4,3,2,2,1],[4,3,3,1,1],[4,3,3,2],[4,4,1,1,1,1],[4,4,
2,1,1],[4,4,2,2],[4,4,3,1],[4,4,4],[5,1,1,1,1,1,1,1],[5,2,1,1,1,1,1],[5,2,2,1,
1,1],[5,2,2,2,1],[5,3,1,1,1,1],[5,3,2,1,1],[5,3,2,2],[5,3,3,1],[5,4,1,1,1],[5,
4,2,1],[5,4,3],[5,5,1,1],[5,5,2],[6,1,1,1,1,1,1],[6,2,1,1,1,1],[6,2,2,1,1],[6,
2,2,2],[6,3,1,1,1],[6,3,2,1],[6,3,3],[6,4,1,1],[6,4,2],[6,5,1],[6,6],[7,1,1,1,
1,1],[7,2,1,1,1],[7,2,2,1],[7,3,1,1],[7,3,2],[7,4,1],[7,5],[8,1,1,1,1],[8,2,1,
1],[8,2,2],[8,3,1],[8,4],[9,1,1,1],[9,2,1],[9,3],[10,1,1],[10,2],[11,1],[
12]],cols:=[[3,3,2,2,1,1],[4,3,2,2,1],[4,3,3,1,1],[4,3,3,2],[4,4,2,1,1],[4,4,
2,2],[4,4,3,1],[5,3,2,1,1],[5,3,2,2],[5,3,3,1],[5,4,2,1],[5,4,3],[5,5,1,1],[5,
5,2],[6,2,2,1,1],[6,3,2,1],[6,3,3],[6,4,1,1],[6,4,2],[6,5,1],[6,6],[7,2,2,1],[
7,3,1,1],[7,3,2],[7,4,1],[7,5],[8,2,1,1],[8,2,2],[8,3,1],[8,4],[9,2,1],[9,3],[
10,1,1],[10,2],[11,1],[12]]);
