## This is a GAP library file generated by 
## SPECHT version 2.0, (C) Andrew Mathas 1996.

## This file contains the decomposition matrix
## of the q-Schur algebra of Sym(10) over a field
## of characteristic 0 with e=4.

A_Specht_Decomposition_Matrix:=rec(
d:=[[1,1],[1,2],[1,1,2,3],[1,1,1,4],[1,1,4,5],[1,1,3,6],[1,7],[1,8],[1,1,1,4,
5,9],[1,1,8,10],[1,1,3,11],[1,1,1,1,3,6,11,12],[1,1,7,13],[1,1,1,1,2,3,12,
14],[1,15],[1,1,1,4,9,16],[1,1,1,9,16,17],[1,1,15,18],[1,1,1,11,12,19],[1,
20],[1,1,1,1,1,1,4,9,17,21],[1,1,13,22],[1,1,18,23],[1,1,16,24],[1,25],[1,1,1,
1,16,17,24,26],[1,1,1,1,12,14,19,27],[1,1,1,1,17,21,26,28],[1,1,10,29],[1,1,1,
1,1,5,9,17,28,30],[1,1,1,11,19,31],[1,1,1,1,19,27,31,32],[1,1,1,26,28,33],[1,
1,1,27,32,34],[1,1,1,1,1,6,12,27,34,35],[1,1,22,36],[1,1,29,37],[1,1,1,34,35,
38],[1,1,23,39],[1,1,1,1,28,30,33,40],[1,1,1,1,21,28,40,41],[1,1,1,1,1,14,27,
34,38,42]],rows:=[[1,1,1,1,1,1,1,1,1,1],[2,1,1,1,1,1,1,1,1],[2,2,1,1,1,1,1,
1],[2,2,2,1,1,1,1],[2,2,2,2,1,1],[2,2,2,2,2],[3,1,1,1,1,1,1,1],[3,2,1,1,1,1,
1],[3,2,2,1,1,1],[3,2,2,2,1],[3,3,1,1,1,1],[3,3,2,1,1],[3,3,2,2],[3,3,3,1],[4,
1,1,1,1,1,1],[4,2,1,1,1,1],[4,2,2,1,1],[4,2,2,2],[4,3,1,1,1],[4,3,2,1],[4,3,
3],[4,4,1,1],[4,4,2],[5,1,1,1,1,1],[5,2,1,1,1],[5,2,2,1],[5,3,1,1],[5,3,2],[5,
4,1],[5,5],[6,1,1,1,1],[6,2,1,1],[6,2,2],[6,3,1],[6,4],[7,1,1,1],[7,2,1],[7,
3],[8,1,1],[8,2],[9,1],[10]],cols:=[[1,1,1,1,1,1,1,1,1,1],[2,1,1,1,1,1,1,1,
1],[2,2,1,1,1,1,1,1],[2,2,2,1,1,1,1],[2,2,2,2,1,1],[2,2,2,2,2],[3,1,1,1,1,1,1,
1],[3,2,1,1,1,1,1],[3,2,2,1,1,1],[3,2,2,2,1],[3,3,1,1,1,1],[3,3,2,1,1],[3,3,2,
2],[3,3,3,1],[4,1,1,1,1,1,1],[4,2,1,1,1,1],[4,2,2,1,1],[4,2,2,2],[4,3,1,1,1],[
4,3,2,1],[4,3,3],[4,4,1,1],[4,4,2],[5,1,1,1,1,1],[5,2,1,1,1],[5,2,2,1],[5,3,1,
1],[5,3,2],[5,4,1],[5,5],[6,1,1,1,1],[6,2,1,1],[6,2,2],[6,3,1],[6,4],[7,1,1,
1],[7,2,1],[7,3],[8,1,1],[8,2],[9,1],[10]]);
