## This is a GAP library file generated by 
## SPECHT version 2.0, (C) Andrew Mathas 1996.

## This file contains the decomposition matrix
## of the q-Schur algebra over a field
## of characteristic 0 with e=4.

A_Specht_Decomposition_Matrix:=rec(
d:=[[1,1],[1,2],[1,3],[1,1,2,4],[1,5],[1,1,4,6],[1,7],[1,1,7,8],[1,1,1,1,5,
9],[1,1,1,5,9,10],[1,1,8,11],[1,1,8,12],[1,1,1,4,6,13],[1,1,1,1,8,11,12,14],[
1,1,3,15],[1,1,1,1,7,8,14,16],[1,17],[1,1,9,18],[1,19],[1,1,1,1,9,10,18,20],[
1,1,1,4,13,21],[1,1,1,13,21,22],[1,1,17,23],[1,1,1,1,1,2,4,13,22,24],[1,1,1,
12,14,25],[1,1,23,26],[1,1,1,1,1,9,20,27],[1,1,18,28],[1,29],[1,1,29,30],[1,1,
1,1,18,20,28,31],[1,1,15,32],[1,1,1,22,24,33],[1,1,30,34],[1,1,1,1,14,16,25,
35],[1,1,1,1,20,27,31,36],[1,1,1,1,10,20,36,37],[1,1,21,38],[1,1,32,39],[1,1,
1,1,1,21,22,33,38,40],[1,41],[1,1,1,33,40,42],[1,1,1,1,11,14,35,43],[1,1,1,1,
1,1,6,13,22,33,42,44],[1,1,1,12,25,45],[1,1,1,1,25,35,45,46],[1,1,1,31,36,
47],[1,1,1,1,35,43,46,48],[1,1,1,43,48,49],[1,1,26,50],[1,1,1,1,36,37,47,51],[
1,1,1,42,44,52],[1,1,1,1,27,36,51,53],[1,1,34,54],[1,1,1,1,1,24,33,42,52,55],[
1,1,1,1,16,35,48,56]],rows:=[[1,1,1,1,1,1,1,1,1,1,1],[2,1,1,1,1,1,1,1,1,1],[2,
2,1,1,1,1,1,1,1],[2,2,2,1,1,1,1,1],[2,2,2,2,1,1,1],[2,2,2,2,2,1],[3,1,1,1,1,1,
1,1,1],[3,2,1,1,1,1,1,1],[3,2,2,1,1,1,1],[3,2,2,2,1,1],[3,2,2,2,2],[3,3,1,1,1,
1,1],[3,3,2,1,1,1],[3,3,2,2,1],[3,3,3,1,1],[3,3,3,2],[4,1,1,1,1,1,1,1],[4,2,1,
1,1,1,1],[4,2,2,1,1,1],[4,2,2,2,1],[4,3,1,1,1,1],[4,3,2,1,1],[4,3,2,2],[4,3,3,
1],[4,4,1,1,1],[4,4,2,1],[4,4,3],[5,1,1,1,1,1,1],[5,2,1,1,1,1],[5,2,2,1,1],[5,
2,2,2],[5,3,1,1,1],[5,3,2,1],[5,3,3],[5,4,1,1],[5,4,2],[5,5,1],[6,1,1,1,1,1],[
6,2,1,1,1],[6,2,2,1],[6,3,1,1],[6,3,2],[6,4,1],[6,5],[7,1,1,1,1],[7,2,1,1],[7,
2,2],[7,3,1],[7,4],[8,1,1,1],[8,2,1],[8,3],[9,1,1],[9,2],[10,1],[11]],cols:=[[
1,1,1,1,1,1,1,1,1,1,1],[2,1,1,1,1,1,1,1,1,1],[2,2,1,1,1,1,1,1,1],[2,2,2,1,1,1,
1,1],[2,2,2,2,1,1,1],[2,2,2,2,2,1],[3,1,1,1,1,1,1,1,1],[3,2,1,1,1,1,1,1],[3,2,
2,1,1,1,1],[3,2,2,2,1,1],[3,2,2,2,2],[3,3,1,1,1,1,1],[3,3,2,1,1,1],[3,3,2,2,
1],[3,3,3,1,1],[3,3,3,2],[4,1,1,1,1,1,1,1],[4,2,1,1,1,1,1],[4,2,2,1,1,1],[4,2,
2,2,1],[4,3,1,1,1,1],[4,3,2,1,1],[4,3,2,2],[4,3,3,1],[4,4,1,1,1],[4,4,2,1],[4,
4,3],[5,1,1,1,1,1,1],[5,2,1,1,1,1],[5,2,2,1,1],[5,2,2,2],[5,3,1,1,1],[5,3,2,
1],[5,3,3],[5,4,1,1],[5,4,2],[5,5,1],[6,1,1,1,1,1],[6,2,1,1,1],[6,2,2,1],[6,3,
1,1],[6,3,2],[6,4,1],[6,5],[7,1,1,1,1],[7,2,1,1],[7,2,2],[7,3,1],[7,4],[8,1,1,
1],[8,2,1],[8,3],[9,1,1],[9,2],[10,1],[11]]);
