## This is a GAP library file generated by 
## SPECHT version 2.0, (C) Andrew Mathas 1996.

## This file contains the decomposition matrix
## of the q-Schur algebra of Sym(10) over a field
## of characteristic 0 with e=2.

A_Specht_Decomposition_Matrix:=rec(
d:=[[1,1],[1,1,1,2],[1,1,2,3],[1,1,3,4],[1,1,4,5],[1,1,5,6],[1,1,1,2,3,7],[1,
8],[1,1,1,4,5,9],[1,10],[1,1,1,1,1,3,4,7,9,11],[1,1,1,9,11,12],[1,1,1,1,1,5,6,
9,12,13],[1,1,1,12,13,14],[1,1,1,1,1,1,1,2,3,4,7,15],[1,1,1,1,1,1,1,3,4,7,9,
11,15,16],[1,1,1,1,2,1,1,1,1,3,4,5,6,9,11,12,16,17],[1,1,1,1,1,1,1,5,6,9,12,
13,17,18],[1,1,1,1,1,1,9,11,12,16,17,19],[1,20],[1,1,2,1,1,1,1,1,1,9,11,12,13,
14,17,18,19,21],[1,1,2,1,2,1,1,1,1,1,1,1,1,4,5,9,11,12,13,14,15,16,17,18,19,
22],[1,1,1,1,1,1,1,1,1,12,13,14,17,18,19,21,22,23],[1,1,1,1,1,1,1,1,1,2,3,4,5,
7,9,15,16,24],[1,1,1,8,10,25],[1,1,1,1,1,1,1,1,1,4,5,9,12,13,14,17,18,26],[1,
1,1,1,1,1,1,1,1,1,1,1,1,1,1,4,5,9,12,13,14,15,16,17,18,19,22,24,26,27],[1,1,1,
1,1,1,1,1,1,1,1,1,12,13,14,17,18,19,21,22,23,26,27,28],[1,1,1,10,25,29],[1,1,
1,2,2,1,1,2,1,1,1,1,1,1,1,5,6,9,12,13,14,16,17,18,19,22,23,24,27,30],[1,1,1,1,
1,1,1,1,1,1,1,1,1,1,2,3,4,5,6,7,9,15,16,17,24,31],[1,1,1,1,1,2,1,1,1,1,2,2,1,
1,1,1,1,1,1,3,4,5,6,7,9,11,12,13,15,16,17,18,19,24,26,27,31,32],[1,1,2,1,2,1,
1,1,2,1,1,1,2,1,1,1,1,3,4,9,11,12,13,14,16,17,18,19,21,26,27,28,32,33],[1,1,1,
1,1,1,1,1,1,1,1,1,9,11,12,16,17,19,26,27,28,32,33,34],[1,1,1,1,1,1,2,1,1,1,1,
1,1,2,1,1,1,1,1,1,5,6,9,12,13,16,17,18,19,22,23,24,26,27,28,30,31,32,34,35],[
1,1,1,1,1,1,1,1,1,1,1,1,1,1,1,2,3,4,5,7,9,15,16,17,18,24,26,31,32,36],[1,1,1,
8,25,37],[1,1,1,1,1,1,1,1,1,1,1,1,1,1,1,1,1,1,4,5,9,15,16,17,18,19,22,24,26,
27,31,32,34,35,36,38],[1,1,1,1,1,1,1,1,1,1,1,1,1,1,1,1,1,2,3,4,7,9,15,16,17,
24,26,31,32,33,36,39],[1,1,1,1,1,1,2,1,1,1,1,1,1,2,1,1,1,1,1,1,3,4,7,9,11,15,
16,17,19,24,26,27,31,32,33,34,36,38,39,40],[1,1,1,1,1,1,1,1,1,1,1,1,2,3,7,15,
16,24,31,32,36,39,40,41],[1,1,1,1,1,1,1,1,1,1,1,2,7,15,24,31,36,39,41,
42]],rows:=[[1,1,1,1,1,1,1,1,1,1],[2,1,1,1,1,1,1,1,1],[2,2,1,1,1,1,1,1],[2,2,
2,1,1,1,1],[2,2,2,2,1,1],[2,2,2,2,2],[3,1,1,1,1,1,1,1],[3,2,1,1,1,1,1],[3,2,2,
1,1,1],[3,2,2,2,1],[3,3,1,1,1,1],[3,3,2,1,1],[3,3,2,2],[3,3,3,1],[4,1,1,1,1,1,
1],[4,2,1,1,1,1],[4,2,2,1,1],[4,2,2,2],[4,3,1,1,1],[4,3,2,1],[4,3,3],[4,4,1,
1],[4,4,2],[5,1,1,1,1,1],[5,2,1,1,1],[5,2,2,1],[5,3,1,1],[5,3,2],[5,4,1],[5,
5],[6,1,1,1,1],[6,2,1,1],[6,2,2],[6,3,1],[6,4],[7,1,1,1],[7,2,1],[7,3],[8,1,
1],[8,2],[9,1],[10]],cols:=[[1,1,1,1,1,1,1,1,1,1],[2,1,1,1,1,1,1,1,1],[2,2,1,
1,1,1,1,1],[2,2,2,1,1,1,1],[2,2,2,2,1,1],[2,2,2,2,2],[3,1,1,1,1,1,1,1],[3,2,1,
1,1,1,1],[3,2,2,1,1,1],[3,2,2,2,1],[3,3,1,1,1,1],[3,3,2,1,1],[3,3,2,2],[3,3,3,
1],[4,1,1,1,1,1,1],[4,2,1,1,1,1],[4,2,2,1,1],[4,2,2,2],[4,3,1,1,1],[4,3,2,1],[
4,3,3],[4,4,1,1],[4,4,2],[5,1,1,1,1,1],[5,2,1,1,1],[5,2,2,1],[5,3,1,1],[5,3,
2],[5,4,1],[5,5],[6,1,1,1,1],[6,2,1,1],[6,2,2],[6,3,1],[6,4],[7,1,1,1],[7,2,
1],[7,3],[8,1,1],[8,2],[9,1],[10]]);
