## This is a GAP library file generated by 
## SPECHT version 2.0, (C) Andrew Mathas 1996.

## This file contains the decomposition matrix
## of the symmetric group Sym(11) over a field
## of characteristic 2.

A_Specht_Decomposition_Matrix:=rec(
d:=[[1,1,1,1,1,22,23,24,26,33],[1,1,1,1,1,1,1,1,1,1,1,1,14,15,16,20,25,27,30,
31,32,34,35,36],[1,1,1,1,1,1,1,1,13,19,21,22,33,40,41,42],[1,1,1,1,1,1,1,1,1,
1,1,1,10,11,14,20,29,30,32,35,36,37,39,43],[1,1,2,1,2,1,1,2,1,1,2,1,1,6,13,19,
21,22,23,26,33,38,40,41,42,44],[1,1,1,1,1,1,1,1,1,2,1,2,1,1,1,1,1,1,1,1,9,10,
12,14,15,18,20,25,29,30,31,32,34,35,36,39,43,46,47,48],[1,1,1,1,1,1,1,1,1,1,1,
1,1,1,1,1,1,1,5,9,10,18,20,25,28,29,30,31,32,35,39,43,45,46,48,49],[1,1,1,1,1,
1,1,1,2,2,2,1,1,1,2,1,1,1,1,1,8,9,10,11,12,14,18,20,29,30,32,35,36,37,39,43,
46,47,48,51],[1,1,1,1,3,2,2,1,1,2,2,2,3,1,1,1,1,4,6,13,17,19,21,22,23,26,33,
38,40,41,42,44,50,52],[1,1,1,1,1,1,1,1,1,1,1,1,1,1,1,1,1,1,1,1,1,1,1,1,3,7,8,
14,15,16,18,20,25,27,28,29,30,31,32,34,35,36,39,45,46,51,53,54],[1,1,1,2,2,2,
3,2,2,2,3,2,2,2,1,2,1,1,2,4,13,17,19,21,22,23,24,26,33,38,40,41,42,50,52,55],[
1,1,1,1,2,1,1,2,2,2,2,3,3,2,2,2,4,3,4,2,3,2,2,1,2,2,1,2,1,1,1,1,1,5,7,8,9,10,
12,14,15,16,18,20,25,27,28,29,30,31,32,34,35,36,39,43,45,46,47,48,49,51,53,
56]],rows:=[[1,1,1,1,1,1,1,1,1,1,1],[2,1,1,1,1,1,1,1,1,1],[2,2,1,1,1,1,1,1,
1],[2,2,2,1,1,1,1,1],[2,2,2,2,1,1,1],[2,2,2,2,2,1],[3,1,1,1,1,1,1,1,1],[3,2,1,
1,1,1,1,1],[3,2,2,1,1,1,1],[3,2,2,2,1,1],[3,2,2,2,2],[3,3,1,1,1,1,1],[3,3,2,1,
1,1],[3,3,2,2,1],[3,3,3,1,1],[3,3,3,2],[4,1,1,1,1,1,1,1],[4,2,1,1,1,1,1],[4,2,
2,1,1,1],[4,2,2,2,1],[4,3,1,1,1,1],[4,3,2,1,1],[4,3,2,2],[4,3,3,1],[4,4,1,1,
1],[4,4,2,1],[4,4,3],[5,1,1,1,1,1,1],[5,2,1,1,1,1],[5,2,2,1,1],[5,2,2,2],[5,3,
1,1,1],[5,3,2,1],[5,3,3],[5,4,1,1],[5,4,2],[5,5,1],[6,1,1,1,1,1],[6,2,1,1,1],[
6,2,2,1],[6,3,1,1],[6,3,2],[6,4,1],[6,5],[7,1,1,1,1],[7,2,1,1],[7,2,2],[7,3,
1],[7,4],[8,1,1,1],[8,2,1],[8,3],[9,1,1],[9,2],[10,1],[11]],cols:=[[5,3,2,1],[
5,4,2],[6,3,2],[6,4,1],[6,5],[7,3,1],[7,4],[8,2,1],[8,3],[9,2],[10,1],[11]]);
