## This is a GAP library file generated by 
## SPECHT version 2.0, (C) Andrew Mathas 1996.

## This file contains the decomposition matrix
## of the symmetric group Sym(12) over a field
## of characteristic 2.

A_Specht_Decomposition_Matrix:=rec(
d:=[[1,1,1,1,1,1,1,1,1,1,27,28,29,31,32,33,40,41,42,44],[1,1,1,1,18,38,43,
45],[1,1,26,53],[1,1,1,1,1,1,2,1,1,1,1,1,1,1,1,2,1,1,2,1,1,1,1,1,1,1,1,15,16,
17,19,23,24,27,28,29,30,31,33,34,37,39,40,41,42,44,46,47,50,51,52,54,55,56],[
1,1,1,1,1,1,1,1,1,1,1,1,1,1,1,1,1,1,12,15,16,23,24,27,37,39,40,44,46,47,49,50,
52,55,56,57],[1,1,1,1,1,1,1,1,1,1,1,1,2,1,1,1,1,1,1,1,1,1,1,1,1,14,15,17,22,
23,25,27,28,30,31,37,39,40,41,42,44,50,51,52,54,55,56,61,62,63],[1,1,1,1,1,1,
11,36,38,43,60,64],[1,1,1,1,1,1,2,2,1,2,1,1,2,1,2,1,3,2,1,2,1,1,1,1,2,1,2,1,1,
1,1,1,2,1,1,6,7,12,14,15,17,22,23,25,27,28,30,31,32,37,39,40,41,42,44,48,49,
50,51,52,54,55,56,57,58,59,61,62,63,65],[1,1,1,1,1,1,1,1,1,1,1,1,2,2,2,1,1,1,
2,2,2,1,1,1,1,1,1,1,1,1,10,12,13,14,15,16,21,22,23,24,25,27,37,39,40,44,46,47,
49,50,52,55,56,57,61,62,63,67,68,69],[1,1,1,1,1,1,1,2,2,1,1,1,1,1,1,2,2,2,1,1,
1,1,2,2,1,2,2,1,1,1,1,2,1,1,1,1,1,1,5,6,10,12,14,15,21,22,23,24,25,27,30,31,
35,37,39,40,41,44,46,48,49,50,51,52,55,56,57,59,61,62,63,65,66,67,69,70],[1,1,
1,1,1,1,1,1,9,18,36,38,43,45,60,72],[1,1,1,1,1,1,1,1,1,1,1,3,3,2,3,2,1,2,3,2,
1,1,3,2,4,3,2,3,2,2,2,2,3,1,3,1,1,1,2,2,3,1,1,1,1,1,1,1,1,4,5,6,7,10,12,14,15,
17,20,21,22,23,25,27,28,29,30,31,32,33,35,37,39,40,41,42,44,48,49,50,51,52,54,
55,56,57,58,59,61,62,63,65,66,67,69,70,71,73],[1,1,1,1,1,1,1,1,1,1,2,1,1,1,1,
2,1,1,1,1,1,1,1,2,2,2,1,1,2,1,1,1,2,2,1,2,1,1,1,1,1,1,1,2,1,1,1,1,1,1,3,4,8,
10,13,15,16,17,19,20,21,22,23,24,25,27,28,29,30,31,33,34,35,37,39,40,41,42,44,
46,47,48,49,50,51,52,54,55,56,59,61,62,66,67,68,69,71,73,74,75],[1,1,1,1,1,1,
1,1,1,2,2,2,2,2,5,5,4,2,5,4,4,2,2,2,6,5,5,5,2,2,2,2,2,1,2,1,2,2,2,1,2,2,1,1,2,
1,1,1,1,2,3,4,5,8,10,14,15,17,20,21,22,23,25,27,28,29,30,31,32,33,35,37,39,40,
41,42,44,48,49,50,51,52,54,55,56,59,61,62,63,66,67,69,70,71,73,74,75,76],[1,1,
1,1,1,3,1,2,3,3,2,2,2,1,3,4,4,3,3,5,2,2,3,3,2,2,2,6,6,8,3,2,5,3,2,2,4,6,3,6,2,
4,3,1,2,3,4,3,1,2,3,2,3,1,1,1,1,1,1,2,5,6,8,10,12,13,14,15,16,17,19,20,21,22,
23,24,25,27,28,29,30,31,33,34,35,37,39,40,41,42,44,46,47,48,49,50,51,52,54,55,
56,57,59,61,62,63,65,66,67,68,69,70,71,74,76,77]],rows:=[[1,1,1,1,1,1,1,1,1,1,
1,1],[2,1,1,1,1,1,1,1,1,1,1],[2,2,1,1,1,1,1,1,1,1],[2,2,2,1,1,1,1,1,1],[2,2,2,
2,1,1,1,1],[2,2,2,2,2,1,1],[2,2,2,2,2,2],[3,1,1,1,1,1,1,1,1,1],[3,2,1,1,1,1,1,
1,1],[3,2,2,1,1,1,1,1],[3,2,2,2,1,1,1],[3,2,2,2,2,1],[3,3,1,1,1,1,1,1],[3,3,2,
1,1,1,1],[3,3,2,2,1,1],[3,3,2,2,2],[3,3,3,1,1,1],[3,3,3,2,1],[3,3,3,3],[4,1,1,
1,1,1,1,1,1],[4,2,1,1,1,1,1,1],[4,2,2,1,1,1,1],[4,2,2,2,1,1],[4,2,2,2,2],[4,3,
1,1,1,1,1],[4,3,2,1,1,1],[4,3,2,2,1],[4,3,3,1,1],[4,3,3,2],[4,4,1,1,1,1],[4,4,
2,1,1],[4,4,2,2],[4,4,3,1],[4,4,4],[5,1,1,1,1,1,1,1],[5,2,1,1,1,1,1],[5,2,2,1,
1,1],[5,2,2,2,1],[5,3,1,1,1,1],[5,3,2,1,1],[5,3,2,2],[5,3,3,1],[5,4,1,1,1],[5,
4,2,1],[5,4,3],[5,5,1,1],[5,5,2],[6,1,1,1,1,1,1],[6,2,1,1,1,1],[6,2,2,1,1],[6,
2,2,2],[6,3,1,1,1],[6,3,2,1],[6,3,3],[6,4,1,1],[6,4,2],[6,5,1],[6,6],[7,1,1,1,
1,1],[7,2,1,1,1],[7,2,2,1],[7,3,1,1],[7,3,2],[7,4,1],[7,5],[8,1,1,1,1],[8,2,1,
1],[8,2,2],[8,3,1],[8,4],[9,1,1,1],[9,2,1],[9,3],[10,1,1],[10,2],[11,1],[
12]],cols:=[[5,4,2,1],[5,4,3],[6,3,2,1],[6,4,2],[6,5,1],[7,3,2],[7,4,1],[7,
5],[8,3,1],[8,4],[9,2,1],[9,3],[10,2],[11,1],[12]]);
