## This is a GAP library file generated by 
## SPECHT version 2.0, (C) Andrew Mathas 1996.

## This file contains the decomposition matrix
## of the symmetric group Sym(13) over a field
## of characteristic 2.

A_Specht_Decomposition_Matrix:=rec(
d:=[[1,1,1,1,1,1,1,1,1,1,32,36,37,38,47,48,49,51,52,53],[1,1,1,1,1,1,1,1,1,1,
1,1,29,30,31,33,35,39,46,56,63,64,65,67],[1,1,1,1,1,1,1,1,1,1,1,1,1,1,1,1,19,
20,21,32,43,44,47,50,51,53,54,55,57,61,66,68],[1,1,1,1,1,1,1,1,1,1,1,1,17,26,
29,30,46,56,60,62,63,67,69,70],[1,1,1,1,1,1,1,1,1,1,28,29,31,35,46,63,64,65,
67,77],[1,1,1,1,1,1,1,1,1,1,1,2,2,1,1,2,1,1,1,1,1,1,1,1,1,1,1,16,18,19,25,32,
34,36,37,42,43,45,47,48,49,50,51,52,53,61,66,68,74,75,76,78,79,80],[1,1,1,1,1,
1,1,1,1,2,1,1,2,1,1,2,1,1,1,1,1,1,2,1,1,1,1,1,1,1,1,12,13,16,19,20,25,32,36,
42,43,44,45,47,48,50,51,52,53,55,57,59,61,66,68,71,73,74,76,79,80,81],[1,1,1,
1,1,1,2,1,1,2,1,2,2,1,3,2,1,1,3,2,1,1,1,2,1,1,1,1,1,1,2,1,2,1,1,1,7,12,13,16,
18,19,25,32,34,36,37,42,43,45,47,48,49,50,51,52,53,59,61,66,68,71,72,73,74,75,
76,78,79,80,81,82],[1,1,1,1,1,1,1,1,2,1,2,2,2,1,1,1,1,1,1,1,15,17,24,26,27,28,
29,30,46,56,60,62,63,67,69,70,77,85,86,87],[1,1,1,1,1,1,1,1,1,1,1,1,1,1,1,1,1,
1,1,1,1,1,1,1,11,12,16,25,41,42,43,44,45,47,50,51,55,59,61,66,73,74,76,79,80,
81,84,88],[1,1,1,2,2,1,2,2,1,1,3,1,1,3,3,3,1,2,2,1,2,1,1,2,1,1,6,15,17,24,26,
27,28,29,30,35,46,56,58,60,62,63,64,67,69,70,77,83,85,86,87,89],[1,1,1,1,1,2,
1,1,1,1,2,1,1,1,1,3,3,1,3,3,2,2,3,1,1,1,1,2,2,3,1,1,2,3,1,3,1,2,2,1,1,1,1,1,1,
10,11,12,13,14,16,18,19,20,23,25,32,34,36,41,42,43,44,45,47,48,50,51,52,53,55,
57,59,61,66,68,71,73,74,75,76,78,79,80,81,84,88,91,92,93],[1,1,1,1,1,1,1,1,1,
1,3,1,2,2,1,1,1,3,3,2,3,2,1,2,3,2,1,2,2,3,1,1,2,2,2,2,3,1,3,1,1,1,1,1,1,1,1,1,
5,7,10,11,12,13,16,18,19,23,25,32,34,36,37,40,41,42,43,45,47,48,49,50,51,52,
53,59,61,66,68,71,72,73,74,75,76,78,79,80,81,82,84,88,90,91,93,94],[1,1,1,1,1,
1,1,1,1,1,1,1,1,1,1,1,1,1,1,1,1,1,1,1,1,1,1,1,1,1,1,1,9,10,14,19,20,21,23,32,
41,42,43,44,45,47,50,51,53,54,55,57,59,61,66,68,73,74,76,84,91,92,93,96],[1,1,
1,1,1,1,1,1,1,1,1,1,1,1,1,1,1,1,1,1,1,1,1,1,4,22,24,27,29,30,31,33,35,39,46,
56,58,60,62,63,64,65,67,83,85,86,95,97],[1,1,1,1,1,1,1,1,1,2,2,3,2,3,3,2,2,2,
2,2,2,4,4,3,2,4,3,3,2,2,2,1,2,2,2,2,2,1,2,1,2,1,2,2,1,1,1,1,1,3,5,8,9,10,11,
16,18,19,23,25,32,34,36,37,38,40,41,42,43,45,47,48,49,50,51,52,53,59,61,66,68,
72,73,74,75,76,78,79,80,84,88,90,91,93,94,96,98,99],[1,1,2,1,1,3,2,2,3,4,3,2,
2,3,2,6,3,2,4,4,6,3,2,4,2,1,3,2,2,3,2,1,1,1,2,6,15,17,22,24,26,27,28,29,30,31,
33,35,39,46,56,58,60,62,63,64,65,67,69,70,77,83,85,86,87,89,95,100],[1,1,1,1,
2,1,3,4,2,1,2,4,3,3,2,2,4,6,7,4,6,5,4,3,5,8,8,3,7,12,8,5,7,12,6,7,2,3,2,6,7,8,
3,1,4,6,7,4,8,3,6,4,2,1,5,4,3,4,2,3,1,1,2,1,1,1,3,5,7,8,9,10,11,12,13,14,16,
18,19,20,21,23,25,32,34,36,37,38,40,41,42,43,44,45,47,48,49,50,51,52,53,54,55,
57,59,61,66,68,71,72,73,74,75,76,78,79,80,81,82,84,88,90,91,92,93,94,96,98,99,
101]],rows:=[[1,1,1,1,1,1,1,1,1,1,1,1,1],[2,1,1,1,1,1,1,1,1,1,1,1],[2,2,1,1,1,
1,1,1,1,1,1],[2,2,2,1,1,1,1,1,1,1],[2,2,2,2,1,1,1,1,1],[2,2,2,2,2,1,1,1],[2,2,
2,2,2,2,1],[3,1,1,1,1,1,1,1,1,1,1],[3,2,1,1,1,1,1,1,1,1],[3,2,2,1,1,1,1,1,1],[
3,2,2,2,1,1,1,1],[3,2,2,2,2,1,1],[3,2,2,2,2,2],[3,3,1,1,1,1,1,1,1],[3,3,2,1,1,
1,1,1],[3,3,2,2,1,1,1],[3,3,2,2,2,1],[3,3,3,1,1,1,1],[3,3,3,2,1,1],[3,3,3,2,
2],[3,3,3,3,1],[4,1,1,1,1,1,1,1,1,1],[4,2,1,1,1,1,1,1,1],[4,2,2,1,1,1,1,1],[4,
2,2,2,1,1,1],[4,2,2,2,2,1],[4,3,1,1,1,1,1,1],[4,3,2,1,1,1,1],[4,3,2,2,1,1],[4,
3,2,2,2],[4,3,3,1,1,1],[4,3,3,2,1],[4,3,3,3],[4,4,1,1,1,1,1],[4,4,2,1,1,1],[4,
4,2,2,1],[4,4,3,1,1],[4,4,3,2],[4,4,4,1],[5,1,1,1,1,1,1,1,1],[5,2,1,1,1,1,1,
1],[5,2,2,1,1,1,1],[5,2,2,2,1,1],[5,2,2,2,2],[5,3,1,1,1,1,1],[5,3,2,1,1,1],[5,
3,2,2,1],[5,3,3,1,1],[5,3,3,2],[5,4,1,1,1,1],[5,4,2,1,1],[5,4,2,2],[5,4,3,1],[
5,4,4],[5,5,1,1,1],[5,5,2,1],[5,5,3],[6,1,1,1,1,1,1,1],[6,2,1,1,1,1,1],[6,2,2,
1,1,1],[6,2,2,2,1],[6,3,1,1,1,1],[6,3,2,1,1],[6,3,2,2],[6,3,3,1],[6,4,1,1,1],[
6,4,2,1],[6,4,3],[6,5,1,1],[6,5,2],[6,6,1],[7,1,1,1,1,1,1],[7,2,1,1,1,1],[7,2,
2,1,1],[7,2,2,2],[7,3,1,1,1],[7,3,2,1],[7,3,3],[7,4,1,1],[7,4,2],[7,5,1],[7,
6],[8,1,1,1,1,1],[8,2,1,1,1],[8,2,2,1],[8,3,1,1],[8,3,2],[8,4,1],[8,5],[9,1,1,
1,1],[9,2,1,1],[9,2,2],[9,3,1],[9,4],[10,1,1,1],[10,2,1],[10,3],[11,1,1],[11,
2],[12,1],[13]],cols:=[[5,4,3,1],[6,4,2,1],[6,4,3],[6,5,2],[7,3,2,1],[7,4,2],[
7,5,1],[7,6],[8,3,2],[8,4,1],[8,5],[9,3,1],[9,4],[10,2,1],[10,3],[11,2],[12,
1],[13]]);
