## This is a GAP library file generated by 
## SPECHT version 2.0, (C) Andrew Mathas 1996.

## This file contains the decomposition matrix
## of the symmetric group Sym(10) over a field
## of characteristic 2.

A_Specht_Decomposition_Matrix:=rec(
d:=[[1,20],[1,1,1,1,1,1,1,1,1,1,1,1,12,13,14,17,18,19,21,22,23,26,27,28],[1,1,
1,10,25,29],[1,1,1,1,1,1,1,1,1,1,1,1,9,11,12,16,17,19,26,27,28,32,33,34],[1,1,
1,1,1,1,2,1,1,1,1,1,1,2,1,1,1,1,1,1,5,6,9,12,13,16,17,18,19,22,23,24,26,27,28,
30,31,32,34,35],[1,1,2,1,1,8,10,25,29,37],[1,1,1,1,1,1,1,1,1,1,1,1,1,1,1,1,1,
1,4,5,9,15,16,17,18,19,22,24,26,27,31,32,34,35,36,38],[1,1,1,1,1,2,1,1,1,1,3,
3,1,2,1,1,2,2,3,1,1,2,3,1,2,1,1,1,1,1,3,4,5,6,7,9,11,12,13,15,16,17,18,19,22,
23,24,26,27,28,30,31,32,33,34,35,36,38,39,40],[1,1,1,1,1,1,1,1,1,1,1,1,1,1,1,
1,1,1,1,1,1,1,1,1,2,3,7,12,13,14,15,16,17,18,19,21,22,23,24,26,27,28,31,32,36,
39,40,41],[1,1,1,1,2,1,1,2,2,2,2,2,3,2,3,2,2,2,2,3,3,2,2,2,1,1,2,1,2,1,1,1,1,
2,3,4,7,9,11,12,13,14,15,16,17,18,19,21,22,23,24,26,27,28,31,32,33,34,36,38,
39,40,41,42]],rows:=[[1,1,1,1,1,1,1,1,1,1],[2,1,1,1,1,1,1,1,1],[2,2,1,1,1,1,1,
1],[2,2,2,1,1,1,1],[2,2,2,2,1,1],[2,2,2,2,2],[3,1,1,1,1,1,1,1],[3,2,1,1,1,1,
1],[3,2,2,1,1,1],[3,2,2,2,1],[3,3,1,1,1,1],[3,3,2,1,1],[3,3,2,2],[3,3,3,1],[4,
1,1,1,1,1,1],[4,2,1,1,1,1],[4,2,2,1,1],[4,2,2,2],[4,3,1,1,1],[4,3,2,1],[4,3,
3],[4,4,1,1],[4,4,2],[5,1,1,1,1,1],[5,2,1,1,1],[5,2,2,1],[5,3,1,1],[5,3,2],[5,
4,1],[5,5],[6,1,1,1,1],[6,2,1,1],[6,2,2],[6,3,1],[6,4],[7,1,1,1],[7,2,1],[7,
3],[8,1,1],[8,2],[9,1],[10]],cols:=[[4,3,2,1],[5,3,2],[5,4,1],[6,3,1],[6,4],[
7,2,1],[7,3],[8,2],[9,1],[10]]);
