## This is a GAP library file generated by 
## SPECHT version 2.0, (C) Andrew Mathas 1996.

## This file contains the decomposition matrix
## of the q-Schur algebra of Sym(10) over a field
## of characteristic 0 with e=5.

A_Specht_Decomposition_Matrix:=rec(
d:=[[1,1],[1,1,1,2],[1,3],[1,4],[1,1,3,5],[1,1,2,6],[1,1,2,7],[1,8],[1,1,8,
9],[1,1,1,1,2,6,7,10],[1,11],[1,12],[1,1,1,1,1,2,10,13],[1,1,9,14],[1,1,7,
15],[1,16],[1,1,1,1,7,10,15,17],[1,18],[1,19],[1,1,1,1,10,13,17,20],[1,1,5,
21],[1,22],[1,1,1,1,6,10,20,23],[1,1,15,24],[1,1,1,1,15,17,24,25],[1,26],[1,1,
1,1,17,20,25,27],[1,28],[1,1,1,1,20,23,27,29],[1,1,1,1,13,20,29,30],[1,1,1,24,
25,31],[1,32],[1,33],[1,1,21,34],[1,1,14,35],[1,1,1,1,25,27,31,36],[1,1,34,
37],[1,38],[1,1,1,1,27,29,36,39],[1,1,35,40],[1,1,1,1,29,30,39,41],[1,1,1,1,
23,29,41,42]],rows:=[[1,1,1,1,1,1,1,1,1,1],[2,1,1,1,1,1,1,1,1],[2,2,1,1,1,1,1,
1],[2,2,2,1,1,1,1],[2,2,2,2,1,1],[2,2,2,2,2],[3,1,1,1,1,1,1,1],[3,2,1,1,1,1,
1],[3,2,2,1,1,1],[3,2,2,2,1],[3,3,1,1,1,1],[3,3,2,1,1],[3,3,2,2],[3,3,3,1],[4,
1,1,1,1,1,1],[4,2,1,1,1,1],[4,2,2,1,1],[4,2,2,2],[4,3,1,1,1],[4,3,2,1],[4,3,
3],[4,4,1,1],[4,4,2],[5,1,1,1,1,1],[5,2,1,1,1],[5,2,2,1],[5,3,1,1],[5,3,2],[5,
4,1],[5,5],[6,1,1,1,1],[6,2,1,1],[6,2,2],[6,3,1],[6,4],[7,1,1,1],[7,2,1],[7,
3],[8,1,1],[8,2],[9,1],[10]],cols:=[[1,1,1,1,1,1,1,1,1,1],[2,1,1,1,1,1,1,1,
1],[2,2,1,1,1,1,1,1],[2,2,2,1,1,1,1],[2,2,2,2,1,1],[2,2,2,2,2],[3,1,1,1,1,1,1,
1],[3,2,1,1,1,1,1],[3,2,2,1,1,1],[3,2,2,2,1],[3,3,1,1,1,1],[3,3,2,1,1],[3,3,2,
2],[3,3,3,1],[4,1,1,1,1,1,1],[4,2,1,1,1,1],[4,2,2,1,1],[4,2,2,2],[4,3,1,1,1],[
4,3,2,1],[4,3,3],[4,4,1,1],[4,4,2],[5,1,1,1,1,1],[5,2,1,1,1],[5,2,2,1],[5,3,1,
1],[5,3,2],[5,4,1],[5,5],[6,1,1,1,1],[6,2,1,1],[6,2,2],[6,3,1],[6,4],[7,1,1,
1],[7,2,1],[7,3],[8,1,1],[8,2],[9,1],[10]]);
