## This is a GAP library file generated by 
## SPECHT version 2.0, (C) Andrew Mathas 1996.

## This file contains the decomposition matrix
## of the symmetric group Sym(13) over a field
## of characteristic 5.

A_Specht_Decomposition_Matrix:=rec(
d:=[[1,1,1,5,6,11],[1,1,10,12],[1,1,1,1,4,7,15,16],[1,1,1,1,9,13,14,17],[1,
18],[1,1,3,19],[1,1,1,1,8,9,17,20],[1,1,1,1,2,4,16,21],[1,1,1,11,24,25],[1,1,
23,26],[1,1,1,15,16,28],[1,1,27,29],[1,1,22,30],[1,1,19,31],[1,1,29,32],[1,1,
1,1,1,1,5,11,25,33],[1,1,1,1,14,17,34,35],[1,1,30,36],[1,1,1,1,17,20,35,37],[
1,1,26,38],[1,1,1,1,13,17,37,39],[1,42],[1,1,1,1,24,25,41,43],[1,1,40,44],[1,
1,1,28,45,46],[1,47],[1,1,1,1,1,16,21,28,46,48],[1,1,1,1,25,33,43,49],[1,1,1,
34,35,50],[1,51],[1,1,44,52],[1,1,12,53],[1,1,1,1,7,16,48,54],[1,1,36,55],[1,
1,52,56],[1,1,1,1,1,6,11,25,49,57],[1,1,59,60],[1,1,1,1,41,43,58,61],[1,1,31,
62],[1,1,1,46,48,63],[1,1,1,1,43,49,61,64],[1,1,60,65],[1,1,1,1,35,37,50,66],[
1,1,53,67],[1,1,65,68],[1,1,38,69],[1,1,1,1,49,57,64,70],[1,1,1,1,33,49,70,
71],[1,1,62,73],[1,1,1,1,1,45,46,63,72,74],[1,1,1,61,64,75],[1,76],[1,1,1,63,
74,77],[1,78],[1,1,1,1,37,39,66,79],[1,1,1,1,1,48,54,63,77,80],[1,1,32,81],[1,
1,1,1,21,48,80,82],[1,1,1,1,50,66,83,84],[1,1,67,85],[1,1,1,1,66,79,84,86],[1,
1,1,77,80,87],[1,1,1,79,86,88],[1,1,1,1,1,20,37,79,88,89],[1,1,55,90],[1,1,69,
91],[1,1,1,1,64,70,75,92],[1,1,81,93],[1,1,1,88,89,94],[1,1,56,95],[1,1,1,1,
70,71,92,96],[1,1,1,1,80,82,87,97],[1,1,1,1,57,70,96,98],[1,1,68,99],[1,1,1,1,
54,80,97,100],[1,1,1,1,1,39,79,88,94,101]],rows:=[[1,1,1,1,1,1,1,1,1,1,1,1,
1],[2,1,1,1,1,1,1,1,1,1,1,1],[2,2,1,1,1,1,1,1,1,1,1],[2,2,2,1,1,1,1,1,1,1],[2,
2,2,2,1,1,1,1,1],[2,2,2,2,2,1,1,1],[2,2,2,2,2,2,1],[3,1,1,1,1,1,1,1,1,1,1],[3,
2,1,1,1,1,1,1,1,1],[3,2,2,1,1,1,1,1,1],[3,2,2,2,1,1,1,1],[3,2,2,2,2,1,1],[3,2,
2,2,2,2],[3,3,1,1,1,1,1,1,1],[3,3,2,1,1,1,1,1],[3,3,2,2,1,1,1],[3,3,2,2,2,1],[
3,3,3,1,1,1,1],[3,3,3,2,1,1],[3,3,3,2,2],[3,3,3,3,1],[4,1,1,1,1,1,1,1,1,1],[4,
2,1,1,1,1,1,1,1],[4,2,2,1,1,1,1,1],[4,2,2,2,1,1,1],[4,2,2,2,2,1],[4,3,1,1,1,1,
1,1],[4,3,2,1,1,1,1],[4,3,2,2,1,1],[4,3,2,2,2],[4,3,3,1,1,1],[4,3,3,2,1],[4,3,
3,3],[4,4,1,1,1,1,1],[4,4,2,1,1,1],[4,4,2,2,1],[4,4,3,1,1],[4,4,3,2],[4,4,4,
1],[5,1,1,1,1,1,1,1,1],[5,2,1,1,1,1,1,1],[5,2,2,1,1,1,1],[5,2,2,2,1,1],[5,2,2,
2,2],[5,3,1,1,1,1,1],[5,3,2,1,1,1],[5,3,2,2,1],[5,3,3,1,1],[5,3,3,2],[5,4,1,1,
1,1],[5,4,2,1,1],[5,4,2,2],[5,4,3,1],[5,4,4],[5,5,1,1,1],[5,5,2,1],[5,5,3],[6,
1,1,1,1,1,1,1],[6,2,1,1,1,1,1],[6,2,2,1,1,1],[6,2,2,2,1],[6,3,1,1,1,1],[6,3,2,
1,1],[6,3,2,2],[6,3,3,1],[6,4,1,1,1],[6,4,2,1],[6,4,3],[6,5,1,1],[6,5,2],[6,6,
1],[7,1,1,1,1,1,1],[7,2,1,1,1,1],[7,2,2,1,1],[7,2,2,2],[7,3,1,1,1],[7,3,2,1],[
7,3,3],[7,4,1,1],[7,4,2],[7,5,1],[7,6],[8,1,1,1,1,1],[8,2,1,1,1],[8,2,2,1],[8,
3,1,1],[8,3,2],[8,4,1],[8,5],[9,1,1,1,1],[9,2,1,1],[9,2,2],[9,3,1],[9,4],[10,
1,1,1],[10,2,1],[10,3],[11,1,1],[11,2],[12,1],[13]],cols:=[[3,2,2,2,1,1,1,1],[
3,2,2,2,2,1,1],[3,3,2,2,1,1,1],[3,3,2,2,2,1],[3,3,3,1,1,1,1],[3,3,3,2,1,1],[3,
3,3,2,2],[3,3,3,3,1],[4,2,2,2,1,1,1],[4,2,2,2,2,1],[4,3,2,1,1,1,1],[4,3,2,2,1,
1],[4,3,2,2,2],[4,3,3,1,1,1],[4,3,3,2,1],[4,3,3,3],[4,4,2,1,1,1],[4,4,2,2,1],[
4,4,3,1,1],[4,4,3,2],[4,4,4,1],[5,2,2,1,1,1,1],[5,2,2,2,1,1],[5,2,2,2,2],[5,3,
2,1,1,1],[5,3,2,2,1],[5,3,3,1,1],[5,3,3,2],[5,4,1,1,1,1],[5,4,2,1,1],[5,4,2,
2],[5,4,3,1],[5,4,4],[5,5,1,1,1],[5,5,2,1],[5,5,3],[6,2,2,1,1,1],[6,2,2,2,1],[
6,3,1,1,1,1],[6,3,2,1,1],[6,3,2,2],[6,3,3,1],[6,4,1,1,1],[6,4,2,1],[6,4,3],[6,
5,1,1],[6,5,2],[6,6,1],[7,2,1,1,1,1],[7,2,2,1,1],[7,2,2,2],[7,3,1,1,1],[7,3,2,
1],[7,3,3],[7,4,1,1],[7,4,2],[7,5,1],[7,6],[8,2,1,1,1],[8,2,2,1],[8,3,1,1],[8,
3,2],[8,4,1],[8,5],[9,1,1,1,1],[9,2,1,1],[9,2,2],[9,3,1],[9,4],[10,1,1,1],[10,
2,1],[10,3],[11,1,1],[11,2],[12,1],[13]]);
