## This is a GAP library file generated by 
## SPECHT version 2.0, (C) Andrew Mathas 1996.

## This file contains the decomposition matrix
## of the symmetric group Sym(17) over a field
## of characteristic 5.

A_Specht_Decomposition_Matrix:=rec(
d:=[[1,1,1,15,21,22],[1,1,1,14,16,26],[1,1,1,1,1,1,7,8,20,23,25,27],[1,1,24,
28],[1,1,1,1,1,1,6,9,13,17,29,30],[1,1,19,31],[1,1,1,38,39,44],[1,1,43,45],[1,
1,1,1,37,40,48,49],[1,1,1,1,1,1,1,1,20,23,25,27,42,46,47,50],[1,1,5,51],[1,1,
1,1,1,1,12,13,30,32,36,52],[1,1,1,1,1,1,1,1,18,20,27,33,41,42,50,53],[1,1,1,1,
35,37,49,54],[1,1,1,44,57,58],[1,1,1,1,21,22,56,59],[1,1,1,48,49,61],[1,1,1,
26,60,62],[1,1,55,63],[1,1,1,1,1,1,1,1,4,6,12,13,29,30,52,64],[1,1,1,1,1,11,
14,26,62,65],[1,1,1,1,1,34,38,44,58,66],[1,1,1,1,1,1,25,27,47,50,67,68],[1,1,
63,69],[1,1,1,1,1,1,1,1,1,1,3,7,18,20,25,27,50,53,68,70],[1,1,1,1,10,21,59,
71],[1,1,1,1,1,1,1,1,2,3,20,25,46,50,70,72],[1,77],[1,1,1,1,76,78,82,83],[1,1,
81,84],[1,1,51,86],[1,1,1,1,1,1,1,1,1,1,13,17,29,30,36,52,75,79,85,87],[1,1,1,
1,1,1,41,42,50,53,80,88],[1,89],[1,1,1,1,1,1,36,52,74,75,87,90],[1,1,1,1,73,
76,83,91],[1,1,1,82,83,94],[1,1,93,95],[1,1,1,1,56,59,92,96],[1,1,1,1,1,1,1,1,
29,30,52,64,85,87,97,98],[1,1,1,62,65,99],[1,1,1,1,1,1,52,64,87,90,98,100],[1,
1,95,101],[1,1,31,102],[1,1,1,1,1,1,50,53,68,70,88,103],[1,1,1,1,59,71,96,
104],[1,1,84,105],[1,1,1,1,1,1,1,1,1,1,1,4,13,29,52,64,79,87,100,106],[1,1,1,
94,108,109],[1,1,1,1,57,58,107,110],[1,1,1,1,1,1,30,32,52,97,98,111],[1,1,1,1,
49,54,61,112],[1,1,1,1,58,66,110,113],[1,1,1,1,1,83,91,94,109,114],[1,1,1,1,1,
1,1,1,27,33,50,53,67,68,103,115],[1,1,45,116],[1,1,1,1,78,83,114,117],[1,1,1,
1,22,59,104,118],[1,1,1,1,1,39,44,58,113,119],[1,1,123,124],[1,1,86,128],[1,1,
1,1,1,1,1,1,75,79,85,87,122,125,127,129],[1,1,1,1,1,1,1,1,42,46,47,50,80,88,
126,130],[1,1,131,132],[1,1,121,133],[1,1,132,134],[1,1,1,1,1,1,1,1,74,75,87,
90,120,122,129,135],[1,1,1,1,1,1,1,1,85,87,97,98,127,129,137,138],[1,1,1,1,1,
60,62,99,136,139],[1,140],[1,1,133,141],[1,1,1,99,139,142],[1,1,1,1,1,1,1,1,
87,90,98,100,129,135,138,143],[1,1,28,144],[1,1,1,1,1,1,1,1,46,50,70,72,88,
103,130,145],[1,1,1,1,1,1,1,1,79,87,100,106,125,129,143,146],[1,1,1,1,1,1,97,
98,111,137,138,148],[1,1,1,1,61,112,147,149],[1,1,1,110,113,150],[1,1,141,
151],[1,1,1,112,149,152],[1,1,124,153],[1,1,1,1,1,1,1,1,23,27,46,50,103,115,
145,154],[1,1,1,1,1,40,49,112,152,155],[1,1,1,1,1,1,16,26,62,99,142,156],[1,1,
1,1,1,1,64,98,100,148,157,158],[1,1,1,109,114,159],[1,1,1,1,1,1,1,1,98,100,
111,138,143,148,158,160],[1,1,153,161],[1,1,1,1,1,1,1,1,1,1,1,1,17,30,52,79,
87,98,100,111,143,146,160,162],[1,1,1,1,1,1,1,1,1,1,9,17,29,30,87,98,135,143,
162,163],[1,1,128,167],[1,1,1,1,1,1,122,125,127,129,166,168],[1,1,171,172],[1,
1,1,1,1,1,126,130,165,169,170,173],[1,174],[1,175],[1,1,1,1,1,1,1,1,80,88,126,
130,164,165,173,176],[1,1,172,177],[1,1,102,179],[1,1,1,1,1,1,1,1,1,1,1,1,47,
50,67,68,88,103,126,130,170,173,178,180],[1,1,1,96,104,181],[1,1,144,182],[1,
1,1,1,1,1,1,1,88,103,130,145,173,176,180,183],[1,1,1,1,1,1,125,129,143,146,
168,184],[1,185],[1,1,1,1,1,1,130,145,169,173,183,186],[1,1,1,1,1,1,1,1,67,68,
103,115,178,180,187,188],[1,1,116,189],[1,1,1,1,1,1,1,1,103,115,145,154,180,
183,188,190],[1,1,1,152,155,191],[1,1,1,1,1,1,145,154,183,186,190,192],[1,1,1,
1,1,1,1,1,1,1,1,1,1,1,8,23,25,27,50,68,88,103,145,154,176,183,192,193],[1,1,1,
1,1,1,68,70,103,187,188,194],[1,1,105,195],[1,1,1,1,114,117,159,196],[1,1,1,1,
1,1,143,146,160,162,184,197],[1,1,177,198],[1,1,1,1,1,1,1,1,70,72,103,145,188,
190,194,199],[1,1,1,1,1,1,1,1,100,106,143,146,158,160,197,200],[1,1,134,201],[
1,1,1,1,1,1,1,1,127,129,137,138,166,168,204,205],[1,1,1,1,136,139,203,206],[1,
1,179,208],[1,1,1,1,1,1,170,173,178,180,207,209],[1,1,1,1,1,92,96,181,202,
210],[1,1,182,211],[1,1,1,1,1,1,173,176,180,183,209,212],[1,1,1,1,1,1,1,1,129,
135,138,143,168,184,205,213],[1,1,214,215],[1,1,1,181,210,216],[1,1,215,217],[
1,1,1,1,139,142,206,218],[1,1,217,219],[1,1,69,220],[1,1,1,1,1,104,118,181,
216,221],[1,1,1,1,113,119,150,222],[1,1,1,1,142,156,218,223],[1,1,1,1,1,1,176,
183,192,193,212,224],[1,1,1,1,71,104,221,225],[1,1,101,226],[1,1,1,1,1,1,1,1,
135,143,162,163,184,197,213,227],[1,1,1,1,1,65,99,142,223,228],[1,1,1,1,1,1,1,
1,90,100,135,143,197,200,227,229],[1,1,1,1,1,1,1,1,1,1,1,1,53,70,88,103,145,
176,183,190,192,199,224,230],[1,1,1,1,1,1,137,138,148,204,205,233],[1,1,1,1,
147,149,232,234],[1,1,1,1,1,107,110,150,231,235],[1,1,1,1,1,1,1,1,178,180,187,
188,207,209,236,237],[1,1,189,238],[1,1,1,1,1,1,1,1,180,183,188,190,209,212,
237,239],[1,1,1,1,1,149,152,191,234,240],[1,1,220,241],[1,1,1,216,221,242],[1,
1,1,1,150,222,235,243],[1,1,1,218,223,244],[1,1,1,1,1,1,1,1,183,186,190,192,
212,224,239,245],[1,246],[1,1,1,222,243,247],[1,1,1,191,240,248],[1,1,1,1,1,
66,113,222,247,249],[1,1,1,1,91,114,196,250],[1,1,1,1,1,1,54,112,152,191,248,
251],[1,1,1,1,1,1,1,1,1,1,33,53,103,115,183,190,224,230,245,252],[1,1,1,1,1,1,
148,157,158,233,254,255],[1,1,1,1,1,108,109,159,253,256],[1,1,1,1,1,1,187,188,
194,236,237,257],[1,1,195,258],[1,1,1,1,159,196,256,259],[1,1,1,1,1,1,1,1,1,1,
1,1,138,143,148,158,160,184,197,205,213,233,255,260],[1,1,1,1,221,225,242,
261],[1,1,226,262],[1,1,1,1,1,1,184,197,213,227,260,263],[1,1,1,247,249,264],[
1,1,1,1,196,250,259,265],[1,1,1,250,265,266],[1,1,1,1,1,1,1,1,1,1,1,1,1,1,32,
52,90,98,100,111,143,160,184,197,227,229,263,267],[1,1,151,269],[1,1,1,1,1,1,
1,1,111,148,158,160,254,255,268,270],[1,1,161,271],[1,1,1,1,1,1,1,1,188,190,
194,199,237,239,257,272],[1,1,1,1,1,1,1,1,158,160,197,200,255,260,270,273],[1,
1,201,274],[1,1,1,1,223,228,244,275],[1,1,1,1,1,1,1,1,197,200,227,229,260,263,
273,276],[1,1,1,248,251,277],[1,1,1,1,1,1,227,229,263,267,276,278],[1,1,1,1,1,
1,1,1,115,154,188,190,257,272,279,280],[1,1,1,1,1,1,160,162,197,270,273,281],[
1,1,1,1,1,1,154,190,192,272,280,282],[1,1,198,283],[1,1,1,1,1,1,1,1,1,1,190,
192,199,224,230,239,245,272,282,284],[1,1,1,1,1,1,224,230,245,252,284,285],[1,
1,1,1,118,221,261,286],[1,1,1,1,156,223,275,287],[1,1,1,1,1,1,1,1,162,163,197,
227,273,276,281,288],[1,1,1,1,1,1,192,193,224,282,284,289],[1,1,219,290],[1,1,
1,1,1,119,222,247,264,291],[1,1,1,1,1,155,191,248,277,292],[1,1,1,1,1,1,1,1,
186,192,224,245,284,285,289,293],[1,1,1,1,117,196,265,294],[1,1,1,1,1,1,1,1,1,
1,146,162,184,197,227,263,276,278,288,295],[1,1,1,1,1,1,1,1,106,146,197,200,
263,276,295,296],[1,1,1,1,1,1,1,1,1,1,72,145,186,190,192,199,245,284,293,
297]],rows:=[[1,1,1,1,1,1,1,1,1,1,1,1,1,1,1,1,1],[2,1,1,1,1,1,1,1,1,1,1,1,1,1,
1,1],[2,2,1,1,1,1,1,1,1,1,1,1,1,1,1],[2,2,2,1,1,1,1,1,1,1,1,1,1,1],[2,2,2,2,1,
1,1,1,1,1,1,1,1],[2,2,2,2,2,1,1,1,1,1,1,1],[2,2,2,2,2,2,1,1,1,1,1],[2,2,2,2,2,
2,2,1,1,1],[2,2,2,2,2,2,2,2,1],[3,1,1,1,1,1,1,1,1,1,1,1,1,1,1],[3,2,1,1,1,1,1,
1,1,1,1,1,1,1],[3,2,2,1,1,1,1,1,1,1,1,1,1],[3,2,2,2,1,1,1,1,1,1,1,1],[3,2,2,2,
2,1,1,1,1,1,1],[3,2,2,2,2,2,1,1,1,1],[3,2,2,2,2,2,2,1,1],[3,2,2,2,2,2,2,2],[3,
3,1,1,1,1,1,1,1,1,1,1,1],[3,3,2,1,1,1,1,1,1,1,1,1],[3,3,2,2,1,1,1,1,1,1,1],[3,
3,2,2,2,1,1,1,1,1],[3,3,2,2,2,2,1,1,1],[3,3,2,2,2,2,2,1],[3,3,3,1,1,1,1,1,1,1,
1],[3,3,3,2,1,1,1,1,1,1],[3,3,3,2,2,1,1,1,1],[3,3,3,2,2,2,1,1],[3,3,3,2,2,2,
2],[3,3,3,3,1,1,1,1,1],[3,3,3,3,2,1,1,1],[3,3,3,3,2,2,1],[3,3,3,3,3,1,1],[3,3,
3,3,3,2],[4,1,1,1,1,1,1,1,1,1,1,1,1,1],[4,2,1,1,1,1,1,1,1,1,1,1,1],[4,2,2,1,1,
1,1,1,1,1,1,1],[4,2,2,2,1,1,1,1,1,1,1],[4,2,2,2,2,1,1,1,1,1],[4,2,2,2,2,2,1,1,
1],[4,2,2,2,2,2,2,1],[4,3,1,1,1,1,1,1,1,1,1,1],[4,3,2,1,1,1,1,1,1,1,1],[4,3,2,
2,1,1,1,1,1,1],[4,3,2,2,2,1,1,1,1],[4,3,2,2,2,2,1,1],[4,3,2,2,2,2,2],[4,3,3,1,
1,1,1,1,1,1],[4,3,3,2,1,1,1,1,1],[4,3,3,2,2,1,1,1],[4,3,3,2,2,2,1],[4,3,3,3,1,
1,1,1],[4,3,3,3,2,1,1],[4,3,3,3,2,2],[4,3,3,3,3,1],[4,4,1,1,1,1,1,1,1,1,1],[4,
4,2,1,1,1,1,1,1,1],[4,4,2,2,1,1,1,1,1],[4,4,2,2,2,1,1,1],[4,4,2,2,2,2,1],[4,4,
3,1,1,1,1,1,1],[4,4,3,2,1,1,1,1],[4,4,3,2,2,1,1],[4,4,3,2,2,2],[4,4,3,3,1,1,
1],[4,4,3,3,2,1],[4,4,3,3,3],[4,4,4,1,1,1,1,1],[4,4,4,2,1,1,1],[4,4,4,2,2,1],[
4,4,4,3,1,1],[4,4,4,3,2],[4,4,4,4,1],[5,1,1,1,1,1,1,1,1,1,1,1,1],[5,2,1,1,1,1,
1,1,1,1,1,1],[5,2,2,1,1,1,1,1,1,1,1],[5,2,2,2,1,1,1,1,1,1],[5,2,2,2,2,1,1,1,
1],[5,2,2,2,2,2,1,1],[5,2,2,2,2,2,2],[5,3,1,1,1,1,1,1,1,1,1],[5,3,2,1,1,1,1,1,
1,1],[5,3,2,2,1,1,1,1,1],[5,3,2,2,2,1,1,1],[5,3,2,2,2,2,1],[5,3,3,1,1,1,1,1,
1],[5,3,3,2,1,1,1,1],[5,3,3,2,2,1,1],[5,3,3,2,2,2],[5,3,3,3,1,1,1],[5,3,3,3,2,
1],[5,3,3,3,3],[5,4,1,1,1,1,1,1,1,1],[5,4,2,1,1,1,1,1,1],[5,4,2,2,1,1,1,1],[5,
4,2,2,2,1,1],[5,4,2,2,2,2],[5,4,3,1,1,1,1,1],[5,4,3,2,1,1,1],[5,4,3,2,2,1],[5,
4,3,3,1,1],[5,4,3,3,2],[5,4,4,1,1,1,1],[5,4,4,2,1,1],[5,4,4,2,2],[5,4,4,3,1],[
5,4,4,4],[5,5,1,1,1,1,1,1,1],[5,5,2,1,1,1,1,1],[5,5,2,2,1,1,1],[5,5,2,2,2,1],[
5,5,3,1,1,1,1],[5,5,3,2,1,1],[5,5,3,2,2],[5,5,3,3,1],[5,5,4,1,1,1],[5,5,4,2,
1],[5,5,4,3],[5,5,5,1,1],[5,5,5,2],[6,1,1,1,1,1,1,1,1,1,1,1],[6,2,1,1,1,1,1,1,
1,1,1],[6,2,2,1,1,1,1,1,1,1],[6,2,2,2,1,1,1,1,1],[6,2,2,2,2,1,1,1],[6,2,2,2,2,
2,1],[6,3,1,1,1,1,1,1,1,1],[6,3,2,1,1,1,1,1,1],[6,3,2,2,1,1,1,1],[6,3,2,2,2,1,
1],[6,3,2,2,2,2],[6,3,3,1,1,1,1,1],[6,3,3,2,1,1,1],[6,3,3,2,2,1],[6,3,3,3,1,
1],[6,3,3,3,2],[6,4,1,1,1,1,1,1,1],[6,4,2,1,1,1,1,1],[6,4,2,2,1,1,1],[6,4,2,2,
2,1],[6,4,3,1,1,1,1],[6,4,3,2,1,1],[6,4,3,2,2],[6,4,3,3,1],[6,4,4,1,1,1],[6,4,
4,2,1],[6,4,4,3],[6,5,1,1,1,1,1,1],[6,5,2,1,1,1,1],[6,5,2,2,1,1],[6,5,2,2,2],[
6,5,3,1,1,1],[6,5,3,2,1],[6,5,3,3],[6,5,4,1,1],[6,5,4,2],[6,5,5,1],[6,6,1,1,1,
1,1],[6,6,2,1,1,1],[6,6,2,2,1],[6,6,3,1,1],[6,6,3,2],[6,6,4,1],[6,6,5],[7,1,1,
1,1,1,1,1,1,1,1],[7,2,1,1,1,1,1,1,1,1],[7,2,2,1,1,1,1,1,1],[7,2,2,2,1,1,1,1],[
7,2,2,2,2,1,1],[7,2,2,2,2,2],[7,3,1,1,1,1,1,1,1],[7,3,2,1,1,1,1,1],[7,3,2,2,1,
1,1],[7,3,2,2,2,1],[7,3,3,1,1,1,1],[7,3,3,2,1,1],[7,3,3,2,2],[7,3,3,3,1],[7,4,
1,1,1,1,1,1],[7,4,2,1,1,1,1],[7,4,2,2,1,1],[7,4,2,2,2],[7,4,3,1,1,1],[7,4,3,2,
1],[7,4,3,3],[7,4,4,1,1],[7,4,4,2],[7,5,1,1,1,1,1],[7,5,2,1,1,1],[7,5,2,2,1],[
7,5,3,1,1],[7,5,3,2],[7,5,4,1],[7,5,5],[7,6,1,1,1,1],[7,6,2,1,1],[7,6,2,2],[7,
6,3,1],[7,6,4],[7,7,1,1,1],[7,7,2,1],[7,7,3],[8,1,1,1,1,1,1,1,1,1],[8,2,1,1,1,
1,1,1,1],[8,2,2,1,1,1,1,1],[8,2,2,2,1,1,1],[8,2,2,2,2,1],[8,3,1,1,1,1,1,1],[8,
3,2,1,1,1,1],[8,3,2,2,1,1],[8,3,2,2,2],[8,3,3,1,1,1],[8,3,3,2,1],[8,3,3,3],[8,
4,1,1,1,1,1],[8,4,2,1,1,1],[8,4,2,2,1],[8,4,3,1,1],[8,4,3,2],[8,4,4,1],[8,5,1,
1,1,1],[8,5,2,1,1],[8,5,2,2],[8,5,3,1],[8,5,4],[8,6,1,1,1],[8,6,2,1],[8,6,3],[
8,7,1,1],[8,7,2],[8,8,1],[9,1,1,1,1,1,1,1,1],[9,2,1,1,1,1,1,1],[9,2,2,1,1,1,
1],[9,2,2,2,1,1],[9,2,2,2,2],[9,3,1,1,1,1,1],[9,3,2,1,1,1],[9,3,2,2,1],[9,3,3,
1,1],[9,3,3,2],[9,4,1,1,1,1],[9,4,2,1,1],[9,4,2,2],[9,4,3,1],[9,4,4],[9,5,1,1,
1],[9,5,2,1],[9,5,3],[9,6,1,1],[9,6,2],[9,7,1],[9,8],[10,1,1,1,1,1,1,1],[10,2,
1,1,1,1,1],[10,2,2,1,1,1],[10,2,2,2,1],[10,3,1,1,1,1],[10,3,2,1,1],[10,3,2,
2],[10,3,3,1],[10,4,1,1,1],[10,4,2,1],[10,4,3],[10,5,1,1],[10,5,2],[10,6,1],[
10,7],[11,1,1,1,1,1,1],[11,2,1,1,1,1],[11,2,2,1,1],[11,2,2,2],[11,3,1,1,1],[
11,3,2,1],[11,3,3],[11,4,1,1],[11,4,2],[11,5,1],[11,6],[12,1,1,1,1,1],[12,2,1,
1,1],[12,2,2,1],[12,3,1,1],[12,3,2],[12,4,1],[12,5],[13,1,1,1,1],[13,2,1,1],[
13,2,2],[13,3,1],[13,4],[14,1,1,1],[14,2,1],[14,3],[15,1,1],[15,2],[16,1],[
17]],cols:=[[3,3,2,2,2,2,1,1,1],[3,3,3,2,2,1,1,1,1],[3,3,3,2,2,2,1,1],[3,3,3,
2,2,2,2],[3,3,3,3,2,1,1,1],[3,3,3,3,2,2,1],[4,3,2,2,2,1,1,1,1],[4,3,2,2,2,2,1,
1],[4,3,3,2,2,1,1,1],[4,3,3,2,2,2,1],[4,3,3,3,1,1,1,1],[4,3,3,3,2,1,1],[4,3,3,
3,2,2],[4,3,3,3,3,1],[4,4,2,2,2,1,1,1],[4,4,2,2,2,2,1],[4,4,3,2,1,1,1,1],[4,4,
3,2,2,1,1],[4,4,3,2,2,2],[4,4,3,3,1,1,1],[4,4,3,3,2,1],[4,4,3,3,3],[4,4,4,2,1,
1,1],[4,4,4,2,2,1],[4,4,4,3,1,1],[4,4,4,3,2],[4,4,4,4,1],[5,2,2,2,2,1,1,1,1],[
5,3,2,2,2,1,1,1],[5,3,2,2,2,2,1],[5,3,3,2,1,1,1,1],[5,3,3,2,2,1,1],[5,3,3,2,2,
2],[5,3,3,3,1,1,1],[5,3,3,3,2,1],[5,3,3,3,3],[5,4,2,2,1,1,1,1],[5,4,2,2,2,1,
1],[5,4,2,2,2,2],[5,4,3,2,1,1,1],[5,4,3,2,2,1],[5,4,3,3,1,1],[5,4,3,3,2],[5,4,
4,1,1,1,1],[5,4,4,2,1,1],[5,4,4,2,2],[5,4,4,3,1],[5,4,4,4],[5,5,2,2,1,1,1],[5,
5,2,2,2,1],[5,5,3,1,1,1,1],[5,5,3,2,1,1],[5,5,3,2,2],[5,5,3,3,1],[5,5,4,1,1,
1],[5,5,4,2,1],[5,5,4,3],[5,5,5,1,1],[5,5,5,2],[6,2,2,2,2,1,1,1],[6,3,2,2,1,1,
1,1],[6,3,2,2,2,1,1],[6,3,2,2,2,2],[6,3,3,2,1,1,1],[6,3,3,2,2,1],[6,3,3,3,1,
1],[6,3,3,3,2],[6,4,2,2,1,1,1],[6,4,2,2,2,1],[6,4,3,1,1,1,1],[6,4,3,2,1,1],[6,
4,3,2,2],[6,4,3,3,1],[6,4,4,1,1,1],[6,4,4,2,1],[6,4,4,3],[6,5,2,1,1,1,1],[6,5,
2,2,1,1],[6,5,2,2,2],[6,5,3,1,1,1],[6,5,3,2,1],[6,5,3,3],[6,5,4,1,1],[6,5,4,
2],[6,5,5,1],[6,6,2,1,1,1],[6,6,2,2,1],[6,6,3,1,1],[6,6,3,2],[6,6,4,1],[6,6,
5],[7,2,2,2,1,1,1,1],[7,2,2,2,2,1,1],[7,3,2,2,1,1,1],[7,3,2,2,2,1],[7,3,3,1,1,
1,1],[7,3,3,2,1,1],[7,3,3,2,2],[7,3,3,3,1],[7,4,2,1,1,1,1],[7,4,2,2,1,1],[7,4,
2,2,2],[7,4,3,1,1,1],[7,4,3,2,1],[7,4,3,3],[7,4,4,1,1],[7,4,4,2],[7,5,2,1,1,
1],[7,5,2,2,1],[7,5,3,1,1],[7,5,3,2],[7,5,4,1],[7,5,5],[7,6,1,1,1,1],[7,6,2,1,
1],[7,6,2,2],[7,6,3,1],[7,6,4],[7,7,1,1,1],[7,7,2,1],[7,7,3],[8,2,2,2,1,1,1],[
8,2,2,2,2,1],[8,3,2,1,1,1,1],[8,3,2,2,1,1],[8,3,2,2,2],[8,3,3,1,1,1],[8,3,3,2,
1],[8,3,3,3],[8,4,2,1,1,1],[8,4,2,2,1],[8,4,3,1,1],[8,4,3,2],[8,4,4,1],[8,5,1,
1,1,1],[8,5,2,1,1],[8,5,2,2],[8,5,3,1],[8,5,4],[8,6,1,1,1],[8,6,2,1],[8,6,3],[
8,7,1,1],[8,7,2],[8,8,1],[9,2,2,1,1,1,1],[9,2,2,2,1,1],[9,2,2,2,2],[9,3,2,1,1,
1],[9,3,2,2,1],[9,3,3,1,1],[9,3,3,2],[9,4,1,1,1,1],[9,4,2,1,1],[9,4,2,2],[9,4,
3,1],[9,4,4],[9,5,1,1,1],[9,5,2,1],[9,5,3],[9,6,1,1],[9,6,2],[9,7,1],[9,8],[
10,2,2,1,1,1],[10,2,2,2,1],[10,3,1,1,1,1],[10,3,2,1,1],[10,3,2,2],[10,3,3,1],[
10,4,1,1,1],[10,4,2,1],[10,4,3],[10,5,1,1],[10,5,2],[10,6,1],[10,7],[11,2,1,1,
1,1],[11,2,2,1,1],[11,2,2,2],[11,3,1,1,1],[11,3,2,1],[11,3,3],[11,4,1,1],[11,
4,2],[11,5,1],[11,6],[12,2,1,1,1],[12,2,2,1],[12,3,1,1],[12,3,2],[12,4,1],[12,
5],[13,1,1,1,1],[13,2,1,1],[13,2,2],[13,3,1],[13,4],[14,1,1,1],[14,2,1],[14,
3],[15,1,1],[15,2],[16,1],[17]]);
