## This is a GAP library file generated by 
## SPECHT version 2.4, (C) Andrew Mathas 1997.

## This file contains the decomposition matrix
## of the symmetric group Sym(23) over a field
## of characteristic 5.

A_Specht_Decomposition_Matrix:=rec(
d:=[[1,1,1,38,44,45],[1,1,1,1,1,1,37,39,49,80,81,86],[1,1,1,1,1,1,1,1,1,30,31,
43,46,48,50,73,85,87],[1,1,1,1,1,1,72,74,79,82,90,91],[1,1,1,1,1,1,1,1,1,21,
47,51,64,65,84,88,89,92],[1,109],[1,1,1,1,1,1,1,1,1,1,1,1,29,32,36,40,52,53,
102,103,108,110,114,115],[1,1,1,1,1,1,20,22,42,54,113,116],[1,1,1,1,1,1,71,75,
93,101,104,118],[1,1,1,1,1,1,1,1,63,66,78,94,107,111,117,119],[1,1,1,1,1,1,1,
1,1,10,11,21,83,84,92,95,112,120],[1,1,100,121],[1,1,1,1,1,1,78,94,106,107,
119,122],[1,1,127,128],[1,1,28,132],[1,1,1,1,1,1,1,1,1,1,1,1,1,1,1,1,19,23,29,
32,35,36,53,55,108,110,114,115,126,129,131,133],[1,1,1,1,1,1,1,1,1,1,1,1,9,12,
30,31,41,43,50,56,85,87,130,134],[1,1,1,1,1,1,62,70,71,118,135,136],[1,1,1,1,
1,1,77,79,91,96,125,137],[1,1,1,1,1,1,1,1,70,71,93,99,101,118,136,138],[1,1,1,
1,1,1,1,1,1,1,1,1,35,36,53,55,105,108,115,123,124,126,133,139],[1,1,1,1,1,1,1,
1,1,1,1,1,18,19,27,29,35,36,114,115,131,133,141,142],[1,1,1,1,1,1,8,34,37,86,
140,143],[1,1,1,1,1,1,61,63,78,117,119,144],[1,1,1,1,1,1,1,1,69,72,77,79,90,
91,137,145],[1,1,1,1,1,1,1,1,34,37,49,76,80,86,143,146],[1,1,1,1,1,1,1,1,1,1,
1,1,1,1,1,1,27,29,35,36,52,53,98,102,105,108,114,115,133,139,142,147],[1,1,1,
1,80,81,86,173],[1,1,1,1,1,1,1,1,1,73,85,87,166,167,172,174,178,179],[1,1,1,
158,177,180],[1,1,1,165,168,182],[1,1,1,1,1,1,1,1,1,1,1,1,64,65,84,88,89,92,
157,159,171,175,181,183],[1,1,176,184],[1,1,1,1,1,1,1,1,1,102,103,108,110,114,
115,193,199,200],[1,1,1,192,194,204],[1,1,1,1,1,1,113,116,198,201,203,205],[1,
1,1,1,177,180,202,206],[1,1,1,1,1,1,1,1,156,160,164,185,191,195,207,208],[1,1,
1,1,1,1,1,1,1,1,1,1,83,84,92,95,112,120,170,171,183,186,197,209],[1,1,1,1,1,1,
164,185,190,191,208,210],[1,1,1,1,1,1,1,1,42,54,113,116,196,198,205,211],[1,1,
132,215],[1,1,1,1,1,1,1,1,1,1,1,1,108,110,114,115,126,129,131,133,199,200,214,
216],[1,1,1,204,219,220],[1,1,1,1,1,1,1,1,1,1,1,1,85,87,130,134,172,174,178,
179,213,217,218,221],[1,1,1,1,1,1,155,156,164,207,208,222],[1,1,1,1,163,165,
182,223],[1,1,1,1,1,1,1,1,1,1,1,1,1,1,1,1,41,43,50,56,85,87,130,134,169,172,
179,187,212,213,221,224],[1,1,1,1,1,189,192,204,220,225],[1,1,1,1,1,1,1,1,17,
20,42,113,116,203,205,227],[1,1,1,1,1,1,1,1,1,1,1,1,1,1,1,1,7,9,26,30,41,43,
85,87,130,134,178,179,218,221,226,228],[1,1,1,33,44,229],[1,1,1,1,1,1,1,1,1,1,
1,1,1,1,1,1,60,64,83,84,89,92,120,148,154,157,170,171,181,183,209,230],[1,1,1,
1,1,1,1,1,2,1,1,1,1,1,1,1,1,1,1,1,1,1,26,30,41,43,48,50,68,73,85,87,134,149,
162,166,169,172,178,179,221,224,228,231],[1,1,1,1,1,1,1,1,1,1,1,1,97,98,108,
114,129,133,147,150,188,199,216,232],[1,1,1,1,153,177,206,233],[1,1,1,1,1,1,1,
1,1,1,1,1,68,85,134,149,161,162,172,178,217,221,231,234],[1,1,1,1,1,1,101,104,
118,239,240,245],[1,1,1,1,1,1,107,111,117,119,244,246],[1,1,1,1,1,1,1,1,191,
195,207,208,238,241,249,250],[1,1,1,1,1,1,1,1,1,1,1,1,1,1,1,1,84,88,89,92,112,
120,171,175,181,183,197,209,243,247,248,251],[1,252],[1,1,237,253],[1,1,1,1,1,
1,1,1,1,1,1,1,47,51,84,88,89,92,197,209,242,243,251,254],[1,1,1,1,1,1,1,1,190,
191,208,210,236,238,250,255],[1,1,1,1,1,1,118,135,136,245,258,259],[1,1,1,1,1,
1,1,1,79,82,90,91,125,137,257,260],[1,1,1,1,1,1,207,208,222,249,250,262],[1,1,
1,1,182,223,261,263],[1,1,1,1,1,1,1,1,1,1,1,1,43,46,48,50,85,87,212,213,221,
224,256,264],[1,1,253,265],[1,1,1,223,263,266],[1,1,1,1,1,1,1,1,1,1,99,101,
118,136,138,235,239,245,259,267],[1,1,1,1,1,1,1,1,2,1,1,1,1,1,1,1,1,1,1,1,1,1,
6,10,16,21,47,60,64,83,84,88,89,92,112,120,181,183,209,230,248,251,268,269],[
1,1,1,1,1,1,1,1,1,1,1,1,25,26,43,48,68,85,221,224,228,231,264,270],[1,1,1,1,1,
1,1,1,1,1,1,1,16,47,59,60,84,89,209,230,251,254,269,271],[1,1,1,1,1,1,1,1,67,
69,79,90,137,145,260,272],[1,1,1,1,1,1,1,1,1,1,1,1,1,1,1,1,59,60,84,89,120,
148,152,154,171,181,209,230,247,251,271,273],[1,1,121,276],[1,1,1,1,1,1,1,1,
93,118,136,138,258,259,275,277],[1,1,1,1,1,1,1,1,1,1,1,1,1,1,1,1,36,40,52,53,
108,110,114,115,124,126,133,139,214,216,274,278],[1,1,1,1,1,1,185,208,210,262,
279,280],[1,1,1,220,225,281],[1,1,1,1,1,1,1,1,208,210,222,250,255,262,280,
282],[1,1,1,1,1,1,136,138,259,267,277,283],[1,1,1,1,1,1,1,1,1,1,1,1,5,6,16,83,
84,112,183,186,209,268,269,284],[1,1,1,1,1,1,1,1,15,17,42,113,205,211,227,
285],[1,1,1,1,1,1,1,1,1,1,1,1,1,1,1,1,24,27,36,52,97,98,108,114,133,139,142,
147,216,232,278,286],[1,1,1,1,1,1,1,1,1,1,58,61,78,107,117,119,122,144,246,
287],[1,1,1,1,1,1,1,1,1,1,1,1,151,155,164,191,207,208,210,222,241,250,282,
288],[1,1,1,1,1,1,1,1,1,1,1,1,1,1,1,1,4,7,25,26,41,43,85,130,179,187,221,224,
226,228,270,289],[1,1,1,1,1,1,1,1,1,1,1,1,1,1,1,1,1,1,1,1,14,18,24,27,35,36,
108,114,115,123,126,131,133,139,141,142,200,216,286,290],[1,1,1,1,1,1,1,1,1,1,
1,1,57,70,101,118,135,136,138,240,245,259,283,291],[1,1,1,1,173,306,312,313],[
1,1,1,1,1,1,1,1,1,166,167,172,174,178,179,305,307,317],[1,1,1,1,1,1,298,299,
311,314,316,318],[1,1,315,319],[1,1,1,1,1,1,1,1,1,1,1,1,157,159,171,175,181,
183,297,300,304,308,320,321],[1,1,310,322],[1,1,1,1,1,1,193,199,200,329,330,
335],[1,1,334,336],[1,1,1,1,1,1,1,1,198,201,203,205,328,331,339,340],[1,1,1,1,
1,1,1,1,311,314,316,318,333,337,338,341],[1,1,296,342],[1,1,1,1,1,1,1,1,1,1,1,
1,170,171,183,186,197,209,303,304,321,323,327,343],[1,1,1,1,1,1,1,1,309,311,
318,324,332,333,341,344],[1,1,1,1,1,1,1,1,196,198,205,211,326,328,340,345],[1,
1,1,1,1,1,1,1,1,1,1,1,1,114,115,131,133,141,142,199,200,214,216,335,348,349],[
1,1,1,1,1,1,1,1,86,140,143,173,312,313,347,350],[1,1,1,1,1,1,203,205,227,339,
340,352],[1,1,1,1,1,1,1,1,1,178,179,218,221,226,228,317,351,353],[1,1,1,1,1,
44,45,229,346,354],[1,1,1,1,1,1,1,1,1,1,1,1,1,1,1,1,154,157,170,171,181,183,
209,230,295,297,303,304,320,321,343,355],[1,1,1,1,1,1,1,1,1,1,1,1,1,1,1,162,
166,169,172,178,179,221,224,228,231,302,305,317,353,356],[1,1,1,1,1,1,1,1,1,1,
1,1,2,1,1,1,1,1,1,1,1,98,102,105,108,114,115,133,139,142,147,188,193,199,200,
216,232,325,329,335,349,357],[1,1,1,1,1,1,316,318,338,341,358,359],[1,1,1,229,
354,360],[1,1,1,1,1,1,1,1,1,1,294,298,309,311,316,318,341,344,359,361],[1,1,1,
1,1,1,1,1,1,1,76,80,86,143,146,173,301,312,350,362],[1,1,1,1,1,1,1,1,293,294,
311,316,337,341,361,363],[1,1,1,1,239,240,245,368],[1,1,1,1,1,1,244,246,367,
369,373,374],[1,1,372,375],[1,1,342,377],[1,1,1,1,1,1,1,1,1,1,1,1,1,1,1,1,1,1,
1,1,171,175,181,183,197,209,243,247,248,251,304,308,320,321,327,343,366,370,
376,378],[1,1,1,1,1,1,332,333,341,344,371,379],[1,380],[1,1,1,1,1,1,1,1,1,1,1,
1,197,209,242,243,251,254,327,343,365,366,378,381],[1,1,1,1,1,1,1,1,1,1,106,
107,119,122,244,246,364,367,374,382],[1,1,1,1,1,1,1,1,117,119,144,244,246,373,
374,385],[1,1,1,1,1,1,1,1,90,91,137,145,257,260,384,386],[1,1,1,1,1,1,1,1,49,
86,143,146,347,350,383,387],[1,1,1,1,1,1,1,1,1,1,1,1,1,1,1,1,181,183,209,230,
248,251,268,269,320,321,343,355,376,378,388,389],[1,1,1,1,1,1,1,1,1,221,224,
228,231,264,270,353,356,390],[1,1,1,1,1,1,1,1,1,1,1,1,209,230,251,254,269,271,
343,355,378,381,389,391],[1,1,1,1,1,1,137,145,260,272,386,392],[1,1,322,393],[
1,1,1,1,1,1,341,344,359,361,379,394],[1,1,1,1,1,1,143,146,350,362,387,395],[1,
1,375,396],[1,1,1,1,1,1,1,1,1,1,1,1,1,1,1,1,1,1,1,1,152,154,171,181,209,230,
247,251,271,273,292,295,304,320,343,355,370,378,391,397],[1,1,1,1,1,1,94,119,
122,385,399,400],[1,1,1,1,1,1,1,1,1,1,1,1,1,1,1,1,52,53,114,115,133,139,142,
147,214,216,274,278,348,349,398,401],[1,1,1,1,1,1,1,1,1,1,1,1,183,186,209,268,
269,284,321,323,343,388,389,402],[1,1,1,1,1,1,1,1,205,211,227,285,340,345,352,
403],[1,1,1,1,1,1,1,1,1,1,1,1,133,139,142,147,216,232,278,286,349,357,401,
404],[1,1,1,1,1,1,1,1,1,1,119,122,144,246,287,374,382,385,400,405],[1,1,1,1,1,
1,1,1,318,324,341,344,358,359,394,406],[1,1,336,407],[1,1,1,1,1,1,246,287,369,
374,405,408],[1,1,1,1,1,1,1,1,1,1,1,1,3,34,80,86,140,143,146,173,313,350,395,
409],[1,1,1,1,1,1,1,1,1,1,1,1,1,1,1,1,2,1,1,1,1,1,1,1,1,13,14,27,35,102,108,
114,115,131,133,139,141,142,147,193,199,200,216,286,290,330,335,349,404,410],[
1,1,1,1,1,1,238,241,249,250,414,415],[1,1,377,419],[1,1,1,1,1,1,1,1,1,1,1,1,
243,247,248,251,366,370,376,378,413,416,418,420],[1,1,1,1,1,1,1,1,333,337,338,
341,371,379,417,421],[1,1,422,423],[1,1,1,1,202,206,412,424],[1,1,423,425],[1,
1,1,1,1,1,1,1,1,1,1,1,1,1,1,1,112,120,197,209,243,247,248,251,365,366,378,381,
411,413,420,426],[1,1,1,1,1,1,1,1,1,1,1,1,1,1,1,1,1,1,1,1,89,92,120,148,181,
183,209,230,243,247,248,251,376,378,388,389,418,420,428,429],[1,1,1,1,1,1,1,1,
1,1,1,2,1,1,1,1,1,1,1,1,1,1,48,50,85,87,134,149,178,179,213,217,218,221,224,
228,231,256,264,351,353,390,427,430],[1,1,184,431],[1,1,1,1,206,233,424,432],[
1,1,1,1,1,1,1,1,1,134,149,217,221,231,234,390,430,433],[1,1,1,1,1,1,1,1,1,1,1,
1,1,1,1,1,120,148,209,230,247,251,271,273,378,381,389,391,420,426,429,434],[1,
1,319,435],[1,1,1,1,1,1,1,1,337,341,361,363,379,394,421,436],[1,1,1,1,1,1,1,1,
1,1,1,1,247,251,271,273,370,378,391,397,416,420,434,437],[1,1,1,1,1,1,1,1,1,1,
1,1,92,95,120,183,186,209,388,389,402,428,429,439],[1,1,1,1,1,1,1,1,54,116,
205,211,352,403,438,440],[1,1,1,1,1,1,1,1,1,129,133,147,150,216,232,401,404,
441],[1,1,1,1,180,206,432,442],[1,1,1,1,1,1,116,201,205,403,440,443],[1,1,1,1,
1,1,241,250,282,288,415,444],[1,1,1,1,1,1,1,1,314,318,337,341,394,406,436,
445],[1,1,1,1,1,1,1,1,201,205,285,331,340,403,443,446],[1,1,1,1,1,1,1,1,1,1,1,
1,2,1,1,2,1,1,1,1,1,1,1,1,1,1,1,1,2,4,26,41,85,130,134,149,166,172,174,178,
179,217,218,221,224,226,228,231,270,289,307,317,353,390,433,447],[1,1,1,1,1,1,
1,1,1,1,1,1,51,88,92,209,251,254,355,389,391,439,448,449],[1,1,1,1,1,1,111,
119,246,400,405,450],[1,1,1,1,1,1,1,1,1,1,1,1,1,1,1,1,88,92,120,175,183,209,
247,251,389,391,402,429,434,439,449,451],[1,1,1,1,1,1,1,1,195,208,241,250,280,
282,444,452],[1,1,1,1,1,1,1,1,1,1,1,1,1,1,1,1,1,1,1,1,175,183,209,247,251,269,
271,284,308,321,343,370,378,389,391,402,434,437,451,453],[1,1,1,1,1,1,1,1,1,1,
1,1,1,1,2,2,1,1,1,1,1,1,1,1,1,1,1,1,1,1,1,1,1,1,1,5,16,60,83,84,89,112,120,
148,157,171,175,181,183,209,230,247,248,251,268,269,271,284,300,308,320,321,
378,389,426,434,453,454],[1,1,1,468,469,474],[1,1,1,1,1,1,306,312,313,461,473,
475],[1,1,1,1,1,1,1,1,1,305,307,317,460,462,467,470,478,479],[1,1,1,1,472,476,
477,480],[1,1,1,1,1,1,1,1,1,297,300,304,308,320,321,459,463,481],[1,1,466,
482],[1,1,1,1,471,472,480,483],[1,1,215,489],[1,1,1,1,1,1,2,1,1,1,1,1,1,199,
200,214,216,329,330,335,348,349,488,490,494,495],[1,1,1,1,1,1,1,1,312,313,347,
350,473,475,493,496],[1,1,1,1,339,340,352,498],[1,1,1,1,1,1,1,1,1,1,2,1,1,1,1,
1,1,1,1,1,1,172,174,178,179,213,217,218,221,305,307,317,351,353,467,470,478,
479,487,491,497,499],[1,1,1,1,346,354,492,500],[1,1,1,1,1,1,1,1,1,1,1,1,295,
297,303,304,320,321,343,355,458,459,481,501],[1,1,1,1,1,1,1,1,1,1,1,1,1,1,1,1,
1,1,1,1,1,169,172,179,187,212,213,221,224,302,305,317,353,356,465,467,479,484,
486,487,499,502],[1,1,1,1,1,1,1,1,1,1,1,1,1,1,1,1,1,1,1,1,1,105,108,115,123,
124,126,133,139,199,200,214,216,325,329,335,349,357,485,488,495,503],[1,1,1,1,
1,1,335,348,349,494,495,506],[1,1,1,474,505,507],[1,1,504,508],[1,1,1,1,1,1,1,
1,1,317,351,353,478,479,497,499,509,510],[1,511],[1,1,1,1,1,1,1,1,1,1,1,1,1,1,
1,302,305,317,353,356,457,460,465,467,478,479,499,502,510,512],[1,1,1,1,1,464,
468,474,507,513],[1,1,1,477,480,514],[1,1,1,1,354,360,500,515],[1,1,508,516],[
1,1,1,1,1,1,1,1,301,312,350,362,456,473,496,517],[1,1,1,1,1,1,1,1,1,1,1,1,1,1,
1,1,1,1,1,1,1,161,162,172,178,217,221,231,234,302,305,317,353,356,455,457,467,
478,491,499,512,518],[1,1,1,1,1,1,245,258,259,368,522,523],[1,1,1,1,373,374,
385,527],[1,1,1,1,1,1,1,1,257,260,384,386,521,524,526,528],[1,1,1,1,1,1,1,1,
347,350,383,387,493,496,525,529],[1,1,1,1,1,1,1,1,1,1,1,1,320,321,343,355,376,
378,388,389,481,501,530,531],[1,1,1,1,1,1,1,1,1,1,1,1,1,1,1,212,213,221,224,
256,264,353,356,390,486,487,499,502,520,532],[1,1,1,1,1,1,1,1,1,343,355,378,
381,389,391,501,531,533],[1,1,1,1,1,1,1,1,1,1,125,137,257,260,386,392,519,521,
528,534],[1,1,1,1,1,1,384,386,526,528,536,537],[1,1,1,1,505,507,535,538],[1,1,
482,539],[1,1,1,1,1,1,1,1,1,353,356,390,499,502,510,512,532,540],[1,1,1,1,507,
513,538,541],[1,1,1,1,1,1,386,392,528,534,537,542],[1,1,1,1,480,483,514,543],[
1,1,1,1,1,1,1,1,350,362,387,395,496,517,529,544],[1,1,1,1,1,1,1,1,260,272,386,
392,524,528,542,545],[1,1,1,1,1,1,1,1,91,96,137,384,386,536,537,547],[1,1,1,1,
1,1,1,1,1,1,1,1,1,53,55,115,123,133,139,348,349,398,401,506,546,548],[1,1,128,
549],[1,1,1,1,1,1,1,1,1,1,2,1,1,1,1,1,1,1,1,1,1,179,187,221,224,226,228,270,
289,317,351,353,356,390,479,484,499,502,509,510,540,550],[1,1,1,1,1,1,1,1,1,1,
1,1,2,1,1,1,1,1,1,1,1,115,123,133,139,141,142,200,216,286,290,335,348,349,357,
401,404,495,503,506,548,551],[1,1,1,1,1,1,1,1,240,245,259,283,291,368,523,
552],[1,1,1,1,1,1,1,1,313,350,395,409,475,496,544,553],[1,1,1,1,1,1,1,1,1,1,1,
1,1,200,216,286,290,330,335,349,404,410,490,495,551,554],[1,1,1,1,1,469,474,
507,541,555],[1,1,1,1,1,1,249,250,262,414,415,559],[1,1,1,1,261,263,558,560],[
1,1,1,1,1,1,1,1,1,1,1,1,376,378,388,389,418,420,428,429,530,531,563,564],[1,1,
1,1,1,1,1,1,1,1,1,1,1,1,1,1,1,1,1,1,1,213,217,218,221,256,264,351,353,390,427,
430,487,491,497,499,520,532,557,561,562,565],[1,1,431,566],[1,1,1,424,432,
567],[1,1,1,1,1,1,1,1,1,1,1,1,1,1,1,130,134,213,217,218,221,390,430,433,520,
532,556,557,565,568],[1,1,1,1,1,1,1,1,1,1,1,1,378,381,389,391,420,426,429,434,
531,533,564,569],[1,1,539,571],[1,1,1,1,1,1,1,1,1,1,1,1,1,1,1,351,353,390,427,
430,497,499,509,510,532,540,562,565,570,572],[1,1,1,538,541,573],[1,574],[1,1,
1,1,1,1,1,1,1,390,430,433,532,540,565,568,572,575],[1,1,1,1,263,266,560,576],[
1,1,1,1,476,480,543,577],[1,1,1,1,1,1,1,1,2,1,1,1,1,1,1,1,1,1,1,1,1,217,221,
231,234,264,270,353,356,390,430,433,491,499,512,518,532,540,561,565,575,578],[
1,1,1,1,1,1,1,1,1,1,1,1,1,1,1,1,1,1,1,1,1,50,56,87,134,179,187,221,224,351,
353,390,427,430,509,510,540,550,570,572,579,580],[1,1,1,1,1,1,1,1,1,1,1,1,110,
115,129,133,200,216,401,404,441,548,551,581],[1,1,1,1,1,1,1,1,1,1,1,1,1,1,1,
87,134,174,179,217,221,390,430,433,540,550,572,575,580,582],[1,1,1,1,1,194,
204,220,281,583],[1,1,1,1,1,1,1,1,1,1,1,1,1,1,1,1,1,1,1,1,1,1,174,179,217,221,
270,289,307,317,353,390,433,447,470,479,491,499,540,550,575,578,582,584],[1,1,
1,1,1,1,1,1,1,1,1,1,1,1,1,1,1,1,307,317,353,390,433,447,462,470,478,479,499,
510,532,540,568,575,584,585],[1,1,1,1,1,1,1,1,1,1,1,1,1,1,1,46,50,87,221,224,
264,353,356,390,510,512,540,579,580,586],[1,1,1,1,1,1,1,1,1,1,82,91,137,260,
386,392,537,542,547,587],[1,1,1,1,1,1,1,1,1,1,104,118,136,240,245,259,277,283,
552,588],[1,1,1,1,1,168,182,263,576,589],[1,1,1,1,1,1,1,1,1,1,1,1,1,1,1,300,
308,320,321,378,389,426,434,453,454,463,481,531,569,590],[1,1,1,1,1,1,1,1,1,1,
1,1,1,1,1,1,248,251,268,269,376,378,388,389,413,416,418,420,563,564,593,594],[
1,1,1,1,1,1,1,1,1,1,1,1,1,1,1,218,221,226,228,264,270,351,353,390,557,561,562,
565,592,595],[1,1,393,597],[1,1,1,1,1,1,1,1,1,1,338,341,358,359,379,394,417,
421,596,598],[1,1,1,1,1,1,1,1,1,1,140,143,347,350,387,395,525,529,591,599],[1,
1,435,600],[1,1,1,1,1,1,379,394,421,436,598,601],[1,1,1,1,1,1,1,1,1,1,1,1,1,1,
1,1,251,254,269,271,378,381,389,391,416,420,434,437,564,569,594,602],[1,1,1,1,
514,543,603,604],[1,1,1,1,1,1,387,395,529,544,599,605],[1,1,1,1,543,577,604,
606],[1,1,1,1,1,1,1,1,1,264,270,390,561,565,575,578,595,607],[1,1,1,577,606,
608],[1,1,1,1,45,354,515,609],[1,1,1,1,1,1,1,1,1,1,1,1,81,86,143,173,313,350,
387,395,544,553,605,610],[1,1,1,1,1,1,1,1,2,1,1,1,1,1,1,1,1,1,1,1,1,103,110,
114,115,133,142,193,199,200,216,278,286,330,335,349,401,404,551,554,581,611],[
1,1,1,1,1,1,1,1,1,1,1,1,1,1,1,1,1,1,167,174,178,179,221,228,264,270,307,317,
353,390,575,578,582,584,607,612],[1,1,1,1,1,1,1,1,1,1,1,1,299,314,316,318,341,
359,379,394,436,445,601,613],[1,1,1,1,1,1,1,1,1,1,39,49,81,86,350,387,517,544,
610,614],[1,1,1,1,1,1,1,1,1,1,74,82,90,91,260,386,542,545,587,615],[1,1,1,1,1,
1,1,1,1,1,1,1,1,1,1,1,1,1,1,1,159,175,181,183,251,269,300,308,320,321,378,389,
434,437,451,453,569,590,602,616],[1,1,1,1,1,1,2,1,1,1,1,1,1,1,1,1,1,1,1,1,1,1,
1,1,1,1,1,31,46,48,50,73,85,87,167,174,178,179,217,221,264,353,390,430,512,
518,540,575,578,580,582,586,612,617],[1,1,1,1,1,1,1,1,1,1,1,1,1,1,1,1,1,1,1,1,
1,1,1,1,65,88,89,92,159,175,181,183,247,251,378,389,391,397,420,429,434,437,
449,451,533,569,616,618],[1,1,489,631],[1,1,1,1,1,1,1,1,1,1,1,1,1,329,330,335,
488,490,494,495,624,625,630,632,636,637],[1,1,1,1,1,1,473,475,493,496,635,
638],[1,1,1,1,1,1,1,1,328,331,339,340,498,623,626,640],[1,1,1,1,1,1,1,1,1,1,1,
1,467,470,478,479,487,491,497,499,629,633,639,641],[1,1,1,1,492,500,634,642],[
1,1,1,1,1,1,1,1,1,1,1,1,303,304,321,323,327,343,458,459,481,501,622,643],[1,1,
1,1,1,1,1,1,1,1,1,1,465,467,479,484,486,487,499,502,628,629,641,644],[1,1,649,
650],[1,654],[1,1,1,1,1,1,1,1,1,1,1,1,488,490,494,495,630,632,636,637,648,651,
653,655],[1,1,652,656],[1,1,1,1,498,640,657,658],[1,1,647,659],[1,1,1,1,1,1,1,
1,1,1,326,328,340,345,498,621,623,640,658,660],[1,1,1,1,1,1,1,1,1,1,1,1,485,
488,495,503,627,630,637,645,646,648,655,661],[1,1,1,1,1,1,1,1,1,494,495,506,
636,637,653,655,663,664],[1,1,662,665],[1,1,1,1,1,1,1,1,1,478,479,497,499,509,
510,639,641,666],[1,1,659,667],[1,1,665,668],[1,1,1,1,1,1,1,1,2,1,1,1,1,1,1,1,
1,1,1,1,1,325,329,335,349,357,485,488,494,495,503,506,620,624,627,630,636,637,
655,661,664,669],[1,1,1,1,500,515,642,670],[1,1,656,671],[1,1,1,1,1,1,1,1,1,1,
1,1,1,1,1,1,1,1,1,1,1,188,199,216,232,325,329,335,349,357,488,490,494,495,619,
620,630,636,651,655,669,672],[1,1,276,676],[1,1,1,1,1,1,1,1,258,259,275,277,
522,523,675,677],[1,1,1,1,1,1,385,399,400,527,680,681],[1,1,1,1,1,1,1,1,1,1,1,
1,1,1,1,1,1,1,1,1,214,216,274,278,348,349,398,401,488,490,494,495,648,651,653,
655,674,678,679,682],[1,1,1,1,1,1,1,1,1,1,1,1,321,323,343,388,389,402,481,501,
530,531,643,683],[1,1,1,1,1,1,1,1,340,345,352,403,498,658,660,684],[1,1,1,1,1,
1,1,1,1,1,1,1,1,1,1,1,1,1,1,1,1,1,1,1,124,126,133,139,214,216,274,278,349,357,
401,404,485,488,495,503,646,648,655,661,673,674,682,685],[1,1,1,1,1,1,1,1,374,
382,385,400,405,527,681,686],[1,1,1,1,536,537,547,688],[1,1,1,1,1,1,2,1,1,1,1,
1,1,1,1,1,1,348,349,398,401,494,495,506,546,548,653,655,663,664,679,682,687,
689],[1,1,549,690],[1,1,1,1,1,1,1,1,1,1,1,1,479,484,499,502,509,510,540,550,
641,644,666,691],[1,1,1,1,1,1,1,1,1,1,1,1,1,1,1,1,1,349,357,401,404,495,503,
506,548,551,655,661,664,669,682,685,689,692],[1,1,1,1,1,1,1,1,259,267,277,283,
523,552,677,693],[1,1,1,1,1,1,475,496,544,553,638,694],[1,1,1,1,1,1,1,1,1,1,1,
1,1,1,1,1,1,1,1,1,216,232,278,286,349,357,401,404,490,495,551,554,651,655,669,
672,678,682,692,695],[1,1,1,1,1,1,1,1,1,506,546,548,663,664,687,689,696,697],[
1,698],[1,1,1,1,1,1,1,1,1,1,1,1,1,1,1,495,503,506,548,551,637,645,655,661,663,
664,689,692,697,699],[1,1,650,700],[1,1,1,1,1,1,1,1,1,1,1,1,490,495,551,554,
632,637,651,655,692,695,699,701],[1,1,1,1,1,1,1,2,1,1,1,1,1,1,1,1,1,1,1,1,1,
330,335,349,404,410,490,494,495,506,551,554,625,632,636,637,655,664,685,692,
701,702],[1,1,1,1,1,1,262,279,280,559,705,706],[1,1,1,1,1,219,220,281,704,
707],[1,1,1,1,1,1,1,1,1,1,1,1,388,389,402,428,429,439,530,531,563,564,683,
709],[1,1,1,1,1,1,1,1,1,1,352,403,438,440,498,657,658,684,708,710],[1,1,1,1,1,
1,1,1,1,1,1,1,1,1,1,126,129,131,133,214,216,401,404,441,673,674,682,685,703,
711],[1,1,1,1,432,442,567,712],[1,1,1,1,1,1,403,440,443,684,710,713],[1,1,1,1,
1,1,1,1,1,1,250,255,262,280,282,415,444,559,706,714],[1,1,1,1,1,1,1,1,1,1,1,1,
509,510,540,550,570,572,579,580,666,691,715,716],[1,1,1,1,1,1,1,1,1,1,1,1,401,
404,441,548,551,581,682,685,689,692,711,717],[1,1,1,1,1,1,1,1,1,540,550,572,
575,580,582,691,716,718],[1,1,1,1,281,583,707,719],[1,1,1,1,1,1,1,1,1,1,1,1,1,
1,1,470,479,491,499,540,550,575,578,582,584,633,641,691,718,720],[1,1,667,
721],[1,1,1,1,1,1,1,1,1,548,551,581,689,692,697,699,717,722],[1,1,700,723],[1,
1,1,583,719,724],[1,1,1,1,1,1,1,1,1,1,1,1,331,340,403,443,446,498,626,640,658,
684,713,725],[1,1,1,1,1,1,1,1,1,1,1,1,1,1,2,1,1,1,1,1,1,1,1,1,1,40,53,110,115,
133,139,216,278,349,357,401,404,506,546,548,551,581,664,669,689,692,696,697,
722,726],[1,1,1,1,1,1,1,1,1,1,75,93,104,118,259,277,552,588,693,727],[1,1,1,1,
1,1,1,1,1,1,1,1,160,185,195,207,208,250,262,280,444,452,714,728],[1,1,1,1,1,1,
1,1,1,1,1,1,268,269,284,388,389,402,563,564,593,594,709,731],[1,1,1,1,1,1,1,1,
227,285,352,403,708,710,730,732],[1,1,1,1,1,1,1,1,1,1,1,1,1,1,1,1,1,1,1,1,131,
133,141,142,214,216,278,286,348,349,401,404,674,678,679,682,703,711,729,733],[
1,1,1,1,1,1,1,1,358,359,394,406,596,598,734,735],[1,1,407,736],[1,1,1,1,1,1,1,
1,394,406,436,445,598,601,735,737],[1,1,1,1,1,1,1,1,285,403,443,446,710,713,
732,738],[1,1,1,1,515,609,670,739],[1,1,1,1,1,1,544,553,605,610,694,740],[1,1,
1,1,1,1,1,1,1,1,1,1,1,1,1,1,278,286,401,404,551,554,581,611,678,682,692,695,
711,717,733,741],[1,1,1,1,1,1,1,1,1,575,578,582,584,607,612,718,720,742],[1,1,
1,1,1,1,436,445,601,613,737,743],[1,1,671,744],[1,1,1,1,1,1,1,1,1,1,1,1,551,
554,581,611,692,695,699,701,717,722,741,745],[1,1,1,1,1,1,443,446,713,725,738,
746],[1,1,1,1,1,1,1,1,1,1,1,1,1,1,1,1,1,1,1,1,1,1,1,1,32,40,52,53,103,110,114,
115,216,278,349,401,551,554,581,611,669,672,692,695,722,726,745,747],[1,1,1,1,
1,1,1,1,1,1,1,1,1,1,66,94,111,117,119,246,374,385,400,405,408,450,686,748],[1,
1,1,1,1,1,1,1,1,1,1,1,1,1,1,1,1,1,22,54,113,116,201,203,205,340,352,403,440,
443,446,660,684,713,746,749],[1,1,1,1,1,1,1,1,1,1,1,1,1,1,1,1,1,1,1,1,1,226,
228,270,289,351,353,390,509,510,540,550,562,565,570,572,592,595,715,716,751,
752],[1,1,1,1,1,1,1,1,1,1,1,1,1,1,1,1,1,1,1,1,1,141,142,286,290,348,349,401,
404,506,548,551,679,682,687,689,711,717,729,733,750,753],[1,1,1,1,360,515,739,
754],[1,1,1,1,1,1,1,1,395,409,544,553,599,605,740,755],[1,1,1,1,1,1,1,1,1,1,1,
1,286,290,404,410,551,554,711,717,733,741,753,756],[1,1,1,1,1,1,1,1,1,1,2,1,1,
1,1,1,1,1,1,1,1,270,289,390,433,447,540,550,565,568,572,575,578,582,584,595,
607,716,718,742,752,757],[1,1,516,758],[1,1,1,1,541,555,573,759],[1,1,1,1,1,1,
1,1,1,433,447,568,575,584,585,742,757,760],[1,1,668,761],[1,1,1,1,1,1,1,1,1,1,
1,1,1,1,1,1,404,410,441,551,554,581,685,692,701,702,711,717,741,745,756,762],[
1,1,1,1,1,1,1,1,1,1,1,1,1,1,2,1,1,1,1,1,1,1,1,1,1,1,1,1,1,1,1,1,1,23,32,53,55,
110,114,115,129,131,133,200,216,335,348,349,401,404,410,441,495,506,548,551,
554,581,661,669,685,692,745,747,762,763],[1,1,1,1,1,1,1,1,1,1,1,1,1,1,1,1,2,1,
1,1,1,1,1,1,1,1,1,1,2,1,1,1,2,1,1,1,1,1,1,1,1,1,1,1,1,12,31,50,56,85,87,130,
134,174,178,179,217,218,221,317,351,353,390,430,433,447,479,499,502,509,510,
512,532,540,550,568,572,575,578,580,582,584,612,617,644,691,718,742,760,764],[
1,1,1,1,1,1,368,522,523,770,776,777],[1,1,1,1,1,1,1,1,367,369,373,374,527,769,
771,781],[1,1,1,1,1,1,1,1,521,524,526,528,775,778,780,782],[1,1,1,1,1,1,1,1,
493,496,525,529,635,638,779,783],[1,1,1,1,1,1,1,1,1,1,1,1,2,1,1,1,1,1,1,1,1,1,
304,308,320,321,327,343,366,370,376,378,459,463,481,501,530,531,622,643,768,
772,784,785],[1,1,1,1,1,1,1,1,1,1,1,1,486,487,499,502,520,532,628,629,641,644,
774,786],[1,1,1,1,1,1,1,1,1,1,1,1,1,1,1,327,343,365,366,378,381,501,531,533,
622,643,767,768,785,787],[1,1,1,1,1,1,1,1,519,521,528,534,773,775,782,788],[1,
1,676,792],[1,1,1,1,1,1,1,1,522,523,675,677,776,777,791,793],[1,1,1,1,1,1,527,
680,681,781,796,797],[1,1,1,1,1,1,1,1,1,1,1,1,648,651,653,655,674,678,679,682,
790,794,795,798],[1,1,1,1,1,1,1,1,1,481,501,530,531,643,683,784,785,799],[1,1,
1,1,658,660,684,800],[1,1,1,1,1,1,1,1,1,1,1,1,646,648,655,661,673,674,682,685,
789,790,798,801],[1,1,1,1,1,1,1,1,1,1,1,1,364,367,374,382,527,681,686,766,769,
781,797,802],[1,1,1,1,1,1,1,1,526,528,536,537,688,780,782,804],[1,1,1,1,1,1,1,
1,1,1,1,1,653,655,663,664,679,682,687,689,795,798,803,805],[1,1,690,806],[1,1,
1,1,1,1,1,1,1,1,1,1,499,502,510,512,532,540,641,644,666,691,786,807],[1,1,1,1,
1,1,1,1,1,1,1,1,655,661,664,669,682,685,689,692,798,801,805,808],[1,1,1,1,1,1,
1,1,1,1,1,1,1,1,235,239,245,259,267,368,522,523,677,693,765,776,793,809],[1,1,
1,1,1,1,1,1,496,517,529,544,638,694,783,810],[1,1,1,1,1,1,1,1,1,1,1,1,651,655,
669,672,678,682,692,695,794,798,808,811],[1,1,814,815],[1,1,1,1,1,1,675,677,
791,793,813,816],[1,818],[1,1,1,1,1,1,680,681,796,797,817,819],[1,1,812,820],[
1,1,1,1,1,1,1,1,1,501,531,533,643,683,785,787,799,821],[1,1,1,1,1,1,681,686,
797,802,819,822],[1,1,815,823],[1,1,1,1,688,804,824,825],[1,1,820,826],[1,1,1,
1,1,1,1,1,1,1,528,534,537,542,688,782,788,804,825,827],[1,1,1,1,1,1,677,693,
793,809,816,828],[1,1,1,1,1,1,1,1,524,528,542,545,778,782,827,829],[1,1,1,1,1,
1,1,1,1,663,664,687,689,696,697,803,805,830],[1,1,826,831],[1,832],[1,1,1,1,1,
1,1,1,523,552,677,693,777,793,828,833],[1,1,1,1,1,1,1,1,1,1,1,1,369,374,405,
408,527,681,686,771,781,797,822,834],[1,1,265,837],[1,1,1,1,1,1,1,1,222,262,
280,282,705,706,836,838],[1,1,1,1,1,1,1,1,1,1,1,1,135,136,258,259,277,283,675,
677,813,816,835,839],[1,1,1,1,1,1,1,1,1,1,1,1,1,1,1,355,389,391,439,448,449,
501,531,533,683,709,799,821,840,841],[1,1,1,1,1,1,1,1,400,405,450,681,686,819,
822,842],[1,1,1,1,1,1,1,1,1,1,1,1,1,1,1,1,1,389,391,402,429,434,439,449,451,
531,533,564,569,683,709,821,841,843],[1,1,1,1,1,1,1,1,280,282,444,452,706,714,
838,844],[1,1,1,1,1,1,1,1,1,1,1,1,510,512,540,579,580,586,666,691,715,716,807,
845],[1,1,1,1,1,1,1,1,537,542,547,587,688,825,827,846],[1,1,1,1,1,1,1,1,1,1,
277,283,552,588,677,693,816,828,839,847],[1,1,1,576,589,848],[1,1,1,1,1,1,1,1,
1,1,1,1,1,1,1,2,1,1,1,1,1,1,1,1,1,1,308,321,343,370,378,389,391,402,434,437,
451,453,463,481,501,531,533,569,590,643,683,772,785,821,843,849],[1,1,1,1,1,1,
1,1,1,1,1,1,664,669,689,692,696,697,722,726,805,808,830,850],[1,1,1,1,1,1,1,1,
552,588,693,727,828,833,847,851],[1,1,1,1,1,1,444,452,714,728,844,852],[1,1,1,
1,1,1,693,727,809,828,851,853],[1,1,823,854],[1,1,1,1,1,1,1,1,1,1,1,1,230,269,
271,355,389,391,709,731,840,841,856,857],[1,1,1,1,1,1,1,1,1,1,1,1,144,287,385,
400,405,680,681,817,819,842,855,858],[1,1,1,1,1,1,359,361,394,734,735,859],[1,
1,396,860],[1,1,1,1,1,1,287,405,408,842,858,861],[1,1,1,1,1,1,1,1,1,1,1,1,1,1,
1,1,1,1,1,1,269,271,284,389,391,402,434,437,451,453,564,569,594,602,709,731,
841,843,857,862],[1,1,1,1,1,1,1,1,517,544,610,614,694,740,810,863],[1,1,1,1,1,
1,1,1,542,545,587,615,827,829,846,864],[1,1,1,1,1,1,1,1,1,1,1,1,434,437,451,
453,569,590,602,616,843,849,862,865],[1,1,1,1,1,1,1,1,1,1,1,1,669,672,692,695,
722,726,745,747,808,811,850,866],[1,1,1,1,1,1,1,1,1,1,405,408,450,686,748,822,
834,842,861,867],[1,1,1,1,1,1,686,748,802,822,867,868],[1,1,1,1,1,1,1,2,1,1,1,
1,1,1,1,1,1,1,1,1,1,1,1,2,1,1,1,1,1,1,1,1,1,1,1,2,1,1,1,1,1,1,1,1,1,1,11,21,
51,65,84,88,89,92,95,112,120,175,181,183,209,247,248,251,321,343,355,378,388,
389,391,402,429,434,437,439,449,451,453,501,531,533,569,616,618,643,683,787,
821,843,865,869],[1,1,1,1,1,1,1,1,1,1,1,1,1,1,1,228,231,270,353,356,390,510,
512,540,715,716,751,752,845,871],[1,1,1,1,1,1,1,1,1,1,1,1,145,272,386,392,537,
542,688,824,825,846,870,872],[1,1,1,1,1,1,283,291,552,839,847,873],[1,1,1,1,1,
1,1,1,362,395,517,544,740,755,863,874],[1,1,1,1,1,1,1,1,272,392,542,545,846,
864,872,875],[1,1,1,1,1,1,1,1,1,426,434,453,454,569,590,862,865,876],[1,1,1,1,
513,541,759,877],[1,1,1,1,1,1,392,534,542,864,875,878],[1,1,1,1,1,1,1,1,1,1,1,
1,661,669,685,692,745,747,762,763,801,808,866,879],[1,1,1,1,1,1,1,1,534,542,
615,788,827,864,878,880],[1,1,1,1,1,1,1,1,1,1,1,1,1,1,2,1,1,1,1,1,1,1,1,1,1,1,
142,147,232,286,349,357,401,404,506,548,551,664,669,687,689,692,696,697,717,
722,750,753,830,850,881,882],[1,1,1,1,1,1,1,1,267,283,552,693,847,851,873,
883],[1,1,1,1,1,1,1,1,1,1,1,1,1,1,1,1,1,1,1,1,232,286,357,404,551,554,669,672,
692,695,717,722,741,745,753,756,850,866,882,884],[1,1,1,1,1,1,382,405,686,861,
867,885],[1,1,1,1,1,1,1,1,1,1,1,1,1,1,1,1,357,404,503,551,661,669,685,692,741,
745,756,762,866,879,884,886],[1,1,1,1,1,1,1,1,1,1,1,1,503,551,611,645,661,692,
699,741,745,879,886,887],[1,1,1,1,1,1,414,415,559,892,893,898],[1,1,1,1,558,
560,897,899],[1,1,1,1,1,1,1,1,1,1,1,1,1,1,1,1,1,1,1,1,366,370,376,378,413,416,
418,420,530,531,563,564,768,772,784,785,891,894,902,903],[1,1,1,1,1,1,1,1,1,1,
1,1,1,1,1,1,1,1,1,1,487,491,497,499,520,532,557,561,562,565,629,633,639,641,
774,786,896,900,901,904],[1,1,566,905],[1,1,1,1,1,412,424,567,890,906],[1,1,1,
1,1,1,1,1,1,1,1,1,520,532,556,557,565,568,774,786,895,896,904,907],[1,1,1,1,1,
1,1,1,1,1,1,1,1,1,1,1,1,1,1,1,365,366,378,381,411,413,420,426,531,533,564,569,
767,768,785,787,889,891,903,908],[1,1,1,1,1,1,559,705,706,898,911,912],[1,1,1,
1,704,707,910,913],[1,1,1,1,1,1,1,1,1,1,1,1,530,531,563,564,683,709,784,785,
799,902,903,915],[1,1,1,1,1,1,1,1,657,658,684,708,710,800,914,916],[1,1,1,1,1,
1,1,1,1,1,1,1,673,674,682,685,703,711,789,790,798,801,909,917],[1,1,1,1,567,
712,906,918],[1,1,1,1,1,1,684,710,713,800,916,919],[1,1,1,1,1,1,1,1,1,1,1,1,1,
1,236,238,250,255,414,415,559,706,714,888,892,898,912,920],[1,1,1,1,1,1,1,1,1,
1,1,1,2,1,1,1,1,1,1,1,1,1,497,499,509,510,532,540,562,565,570,572,639,641,666,
691,715,716,786,807,901,904,921,922],[1,1,1,1,1,1,1,1,1,1,1,1,682,685,689,692,
711,717,798,801,805,808,917,923],[1,1,1,1,1,1,1,1,1,1,1,1,1,1,1,532,540,565,
568,572,575,691,716,718,786,807,904,907,922,924],[1,1,1,1,707,719,913,925],[1,
1,1,1,1,1,1,1,1,1,1,1,1,1,1,1,1,1,1,1,1,491,499,512,518,532,540,561,565,575,
578,633,641,691,718,720,786,807,900,904,924,926],[1,1,837,929],[1,1,1,1,1,1,1,
1,705,706,836,838,911,912,928,930],[1,1,1,1,1,1,813,816,835,839,927,931],[1,1,
1,1,1,1,1,1,1,683,709,799,821,840,841,915,932,933],[1,1,1,1,819,822,842,934],[
1,1,1,1,1,1,1,1,1,2,1,1,1,1,1,1,1,531,533,564,569,683,709,785,787,799,821,841,
843,903,908,915,933,935],[1,1,1,1,1,1,1,1,706,714,838,844,912,920,930,936],[1,
1,1,1,1,1,1,1,1,666,691,715,716,807,845,921,922,937],[1,1,1,1,825,827,846,
938],[1,1,1,1,1,1,816,828,839,847,931,939],[1,1,1,1,1,560,576,848,899,940],[1,
1,1,1,1,1,1,1,1,1,1,1,1,1,1,1,1,1,1,1,1,370,378,391,397,416,420,434,437,531,
533,564,569,772,785,821,843,849,894,903,935,941],[1,1,1,1,1,1,1,1,1,1,1,1,689,
692,697,699,717,722,805,808,830,850,923,942],[1,1,1,1,1,1,828,833,847,851,939,
943],[1,1,1,1,1,1,1,1,1,1,1,1,415,444,559,706,714,844,852,893,898,912,936,
944],[1,1,946,947],[1,1,1,1,1,1,836,838,928,930,945,948],[1,1,1,712,918,949],[
1,1,1,1,1,1,821,841,843,933,935,950],[1,1,1,1,1,1,838,844,930,936,948,951],[1,
1,947,952],[1,1,1,1,1,1,1,1,1,691,716,718,807,845,922,924,937,953],[1,1,1,848,
940,954],[1,1,952,955],[1,1,1,1,719,724,925,956],[1,1,1,1,1,1,844,852,936,944,
951,957],[1,1,1,1,1,1,1,1,714,728,844,852,920,936,957,958],[1,1,1,1,1,233,432,
712,949,960],[1,1,1,1,1,1,1,1,1,1,1,1,2,1,1,1,1,1,1,1,1,148,230,271,273,389,
391,429,434,683,709,821,840,841,843,856,857,932,933,950,959,961],[1,1,1,1,1,1,
1,1,282,288,444,838,844,948,951,962],[1,1,1,1,1,1,1,1,361,363,394,436,735,737,
859,963],[1,1,1,1,1,1,1,1,1,1,1,1,1,271,273,391,397,434,437,841,843,857,862,
950,961,964],[1,1,425,965],[1,1,1,1,1,1,1,1,1,1,1,1,2,1,1,1,1,1,1,1,1,512,518,
540,575,578,580,582,586,612,617,691,716,718,720,742,807,845,924,926,953,966],[
1,1,1,1,1,1,1,1,1,1,1,1,2,1,1,1,1,1,1,1,1,391,397,434,437,449,451,533,569,616,
618,821,841,843,849,862,865,935,941,950,964,967],[1,1,1,1,1,1,1,1,660,684,713,
746,749,800,919,968],[1,1,1,1,1,1,1,1,1,1,1,1,1,533,569,616,618,787,821,843,
865,869,908,935,967,969],[1,1,1,1,1,1,1,1,1,1,1,1,1,1,1,1,1,1,149,231,234,390,
430,433,540,572,575,691,716,718,845,871,937,953,970,971],[1,1,1,1,1,266,576,
848,954,972],[1,1,1,1,1,1,1,1,1,1,1,1,1,1,1,1,1,1,1,1,1,1,231,234,270,356,390,
433,512,518,540,575,578,716,718,742,752,757,845,871,953,966,971,973],[1,1,1,1,
1,1,1,1,1,1,1,1,381,391,426,434,533,569,862,865,876,964,967,974],[1,1,1,1,1,1,
1,1,1,1,1,1,1,1,1,356,390,433,502,512,532,540,568,575,742,757,760,966,973,
975],[1,1,1,1,1,1,1,1,1,1,1,1,1,1,1,1,1,1,1,1,1,502,512,532,540,568,575,612,
617,644,691,718,742,760,764,786,807,907,924,966,975,976],[1,1,1,1,1,1,1,1,1,1,
1,1,1,1,1,147,150,232,401,404,441,689,692,717,830,850,881,882,942,977],[1,1,1,
1,1,225,281,719,956,978],[1,1,1,1,1,1,1,1,1,1,255,282,444,714,844,852,951,957,
962,979],[1,1,1,1,1,1,1,1,1,1,345,403,443,660,684,713,738,746,968,980],[1,1,1,
1,1,1,1,1,1,1,1,1,1,1,1,484,502,540,550,575,582,607,612,644,691,718,742,975,
976,981],[1,1,1,1,1,1,1,1,1,1,1,1,138,267,277,283,693,828,847,851,853,883,943,
982],[1,1,1,1,1,1,1,1,1,1,210,255,280,282,714,844,957,958,979,983],[1,1,1,1,1,
1,1,1,1,1,2,1,1,1,1,1,1,1,1,1,1,1,1,1,1,323,343,381,389,391,402,434,451,501,
531,533,569,602,616,643,683,787,821,843,862,865,967,969,974,984],[1,1,419,
989],[1,1,1,1,1,1,1,1,1,1,1,1,1,1,1,1,413,416,418,420,563,564,593,594,891,894,
902,903,988,990,994,995],[1,1,1,1,1,1,1,1,1,1,1,1,557,561,562,565,592,595,896,
900,901,904,993,996],[1,1,597,998],[1,1,1,1,1,1,1,1,417,421,596,598,987,991,
997,999],[1,1,1,1,1,1,1,1,525,529,591,599,779,783,992,1000],[1,1,600,1001],[1,
1,1,1,1,1,1,1,1,1,371,379,417,421,598,601,986,987,999,1002],[1,1,1,1,1,1,1,1,
1,1,1,1,1,1,1,1,1,1,1,1,1,1,1,1,242,243,251,254,365,366,378,381,413,416,418,
420,564,569,594,602,889,891,903,908,985,988,995,1003],[1,1,1,1,1,1,1,1,1,1,1,
1,563,564,593,594,709,731,902,903,915,994,995,1006],[1,1,1,1,1,1,1,1,708,710,
730,732,914,916,1005,1007],[1,1,1,1,1,1,1,1,1,1,1,1,1,1,1,1,674,678,679,682,
703,711,729,733,790,794,795,798,909,917,1004,1008],[1,1,1,1,1,1,1,1,596,598,
734,735,997,999,1009,1010],[1,1,736,1011],[1,1,1,1,1,1,1,1,598,601,735,737,
999,1002,1010,1012],[1,1,1,1,1,1,1,1,710,713,732,738,916,919,1007,1013],[1,1,
1,670,739,1014],[1,1,1,1,1,1,1,1,1,1,529,544,599,605,694,740,783,810,1000,
1015],[1,1,1,1,1,1,1,1,1,1,1,1,1,1,1,1,678,682,692,695,711,717,733,741,794,
798,808,811,917,923,1008,1016],[1,1,1,1,1,1,1,1,1,1,1,1,1,1,1,561,565,575,578,
595,607,718,720,742,900,904,924,926,996,1017],[1,1,1,1,1,1,1,1,1,1,421,436,
598,601,737,743,991,999,1012,1018],[1,1,1,1,1,1,1,1,1,1,1,1,709,731,840,841,
856,857,915,932,933,1006,1020,1021],[1,1,1,1,1,1,1,1,817,819,842,855,858,934,
1019,1022],[1,1,1,1,1,1,734,735,859,1009,1010,1023],[1,1,860,1024],[1,1,1,1,1,
1,842,858,861,934,1022,1025],[1,1,1,1,1,1,1,1,1,1,1,1,1,1,1,1,1,1,1,1,564,569,
594,602,709,731,841,843,857,862,903,908,915,933,935,995,1003,1006,1021,1026],[
1,1,1,1,1,1,694,740,810,863,1015,1027],[1,1,1,1,1,1,827,829,846,864,938,
1028],[1,1,1,1,1,1,1,1,1,1,1,1,1,1,1,1,1,1,1,1,416,420,434,437,564,569,594,
602,843,849,862,865,894,903,935,941,990,995,1026,1029],[1,1,1,1,1,1,1,1,1,1,1,
1,1,1,1,1,692,695,699,701,717,722,741,745,808,811,850,866,923,942,1016,1030],[
1,1,1,1,1,1,1,1,822,834,842,861,867,934,1025,1031],[1,1,1,949,960,1033],[1,1,
1,1,1,1,1,1,1,1,1,1,1,840,841,856,857,932,933,950,959,961,1020,1021,1032,
1034],[1,1,1,1,948,951,962,1035],[1,1,1,1,1,1,1,1,735,737,859,963,1010,1012,
1023,1036],[1,1,1,1,1,1,2,1,1,1,1,1,1,841,843,857,862,933,935,950,961,964,
1021,1026,1034,1037],[1,1,965,1038],[1,1,1,1,1,1,1,1,1,718,720,742,924,926,
953,966,1017,1039],[1,1,1,1,1,1,1,1,1,1,1,1,1,843,849,862,865,935,941,950,964,
967,1026,1029,1037,1040],[1,1,1,1,1,1,1,1,713,725,738,746,919,968,1013,1041],[
1,1,1,1,1,1,1,1,1,1,1,1,1,1,1,1,569,590,602,616,843,849,862,865,908,935,967,
969,1003,1026,1040,1042],[1,1,1,1,1,1,859,963,1023,1036,1043,1044],[1,1,1,1,1,
1,950,961,964,1034,1037,1045],[1,1,1,1,963,1036,1044,1046],[1,1047],[1,1,1,1,
1,1,1,1,737,743,963,1012,1018,1036,1046,1048],[1,1,1,1,1,1,1,1,601,613,737,
743,1002,1012,1048,1049],[1,1,1,1,1,1,1,1,1,1,1,1,146,362,387,395,544,605,694,
740,863,874,1027,1050],[1,1,1,1,1,1,1,1,1,1,1,1,1,1,1,1,1,1,224,231,264,270,
356,390,575,578,607,718,720,742,953,966,971,973,1039,1051],[1,1,1,1,1,1,1,1,1,
1,1,1,1,1,2,1,1,1,1,1,1,254,271,381,391,434,437,569,602,843,849,862,865,950,
961,964,967,974,1037,1040,1045,1052],[1,1,1,1,1,1,1,1,1,1,1,1,344,361,379,394,
436,601,737,743,963,1046,1048,1053],[1,1,1,1,483,543,606,1054],[1,1,1,1,1,1,1,
1,1,1,1,1,1,1,1,1,1,1,1,1,139,147,232,278,286,357,401,404,692,695,717,741,850,
866,882,884,942,977,1030,1055],[1,1,1,1,1,1,1,1,1,1,211,285,345,403,713,738,
968,980,1041,1056],[1,1,1,1,1,1,1,1,1,1,324,344,394,406,601,737,1048,1049,
1053,1057],[1,1,1,1,1,1,1,1,1,1,1,1,1,1,122,287,382,400,405,686,822,842,861,
867,868,885,1031,1058],[1,1,1,1,1,1,1,1,1,1,1,1,1,1,1,1,1,1,1,1,1,1,1,1,186,
209,254,269,271,284,323,343,381,389,391,402,569,602,843,862,967,969,974,984,
1040,1042,1052,1059],[1,1,1,1,1,1,1,1,1,1,1,1,1,1,1,1,1,1,2,1,1,1,1,1,1,1,1,1,
1,1,1,1,1,95,120,186,209,271,273,381,389,391,402,426,429,434,439,533,569,821,
841,843,862,865,869,876,935,950,964,967,969,974,1029,1040,1059,1060],[1,1,1,1,
1,1,1,1,1,1,1,1,418,420,428,429,563,564,988,990,994,995,1064,1065],[1,1,571,
1069],[1,1,1,1,1,1,1,1,1,1,1,1,427,430,562,565,570,572,993,996,1063,1066,1068,
1070],[1,1,1,1,1,535,538,573,1067,1071],[1,1,1,1,603,604,1072,1073],[1,1,1,1,
1,1,1,1,1,1,383,387,525,529,599,605,992,1000,1062,1074],[1,1,1,1,604,606,1073,
1075],[1,1,1,1,1,1,1,1,1,1,2,1,1,1,1,1,1,1,1,1,1,1,1,1,1,1,256,264,390,427,
430,520,532,557,561,562,565,568,572,575,595,607,895,896,904,907,993,996,1061,
1063,1070,1076],[1,1,1,1,1,1,1,1,1,1,1,1,1,1,1,1,1,1,1,1,562,565,570,572,592,
595,715,716,751,752,901,904,921,922,993,996,1068,1070,1078,1079],[1,1,1,1,1,1,
1,1,1,1,1,1,1,1,1,1,1,1,1,1,679,682,687,689,711,717,729,733,750,753,795,798,
803,805,917,923,1004,1008,1077,1080],[1,1,1,1,739,754,1014,1081],[1,1,1,1,1,1,
1,1,599,605,740,755,1000,1015,1074,1082],[1,1,1,1,1,1,1,1,1,1,1,1,711,717,733,
741,753,756,917,923,1008,1016,1080,1083],[1,1,1,1,1,1,1,1,1,1,1,1,1,1,1,1,1,1,
1,1,1,565,568,572,575,595,607,716,718,742,752,757,904,907,922,924,996,1017,
1070,1076,1079,1084],[1,1,758,1085],[1,1,1,1,573,759,1071,1086],[1,1,1,1,1,1,
1,1,1,1,1,1,1,1,1,430,433,565,568,572,575,742,757,760,996,1017,1066,1070,1084,
1087],[1,1,1,1,1,1,1,1,1,1,1,1,715,716,751,752,845,871,921,922,937,1078,1079,
1089],[1,1,1,1,1,1,1,1,824,825,846,870,872,938,1088,1090],[1,1,1,1,1,1,839,
847,873,931,939,1091],[1,1,1,1,1,1,1,1,740,755,863,874,1015,1027,1082,1092],[
1,1,1,1,1,1,1,1,846,864,872,875,938,1028,1090,1093],[1,1,1,1,1,1,1,1,1,1,1,1,
1,1,1,420,426,429,434,564,569,862,865,876,990,995,1026,1029,1065,1094],[1,1,1,
1,759,877,1086,1095],[1,1,1,1,1,1,864,875,878,1028,1093,1096],[1,1,1,1,1,1,1,
1,1,1,1,1,1,1,1,1,1,1,1,1,685,692,701,702,711,717,741,745,756,762,801,808,866,
879,917,923,1016,1030,1083,1097],[1,1,1,1,1,1,1,1,1,845,871,937,953,970,971,
1089,1098,1099],[1,1,1,954,972,1100],[1,1,1,1,1,1,1,1,1,1,2,1,1,1,1,1,1,1,1,1,
1,716,718,742,752,757,845,871,922,924,937,953,966,971,973,1017,1039,1079,1084,
1089,1099,1101],[1,1,1,1,1,1,1,1,1,1,1,1,862,865,876,964,967,974,1026,1029,
1037,1040,1094,1102],[1,1,1,1,1,1,1,1,1,1,1,1,742,757,760,966,973,975,1017,
1039,1084,1087,1101,1103],[1,1,1,1,1,1,1,1,2,1,1,1,1,1,1,1,1,1,1,1,1,1,568,
575,584,585,607,612,718,720,742,757,760,907,924,966,975,976,1017,1039,1076,
1084,1103,1104],[1,1,1,1,1,1,863,874,1027,1050,1092,1105],[1,1,1,1,1,1,1,1,1,
953,966,971,973,1039,1051,1099,1101,1106],[1,1,1,1,1,1,1,1,1,964,967,974,1037,
1040,1045,1052,1102,1107],[1,1,1,1,1046,1048,1053,1108],[1,1,1,1,1,606,608,
1054,1075,1109],[1,1,1,877,1095,1110],[1,1,1,1,1,1,1,1,1,966,973,975,1039,
1051,1101,1103,1106,1111],[1,1,1,1054,1109,1112],[1,1,1,1,1,1,1,1,1,1,1,1,1,1,
1,1,1,1,1,1,1,1,1,1,123,139,286,290,357,401,404,503,548,551,685,692,711,717,
741,756,866,879,884,886,1030,1055,1097,1113],[1,1,1,1,1,1,1,1,1,1,1,1,1,1,1,1,
1,1,2,1,1,1,1,1,1,1,1,187,224,270,289,356,390,484,502,540,550,568,575,607,718,
742,757,966,973,975,976,981,1039,1051,1103,1104,1111,1114],[1,1,1,1,1,1,1,1,1,
1,1,1,1,1,1,1,1,1,96,137,272,386,392,534,537,542,547,827,846,864,875,878,880,
1028,1096,1115],[1,1,1,1,1,1,1,1,1,1,2,1,1,1,1,1,1,2,1,1,1,1,1,1,1,1,2,1,1,1,
1,1,1,1,1,1,1,1,1,1,1,1,1,1,1,56,134,187,221,224,231,234,270,353,356,390,430,
433,502,510,512,532,540,550,568,572,575,579,580,691,716,718,742,757,760,764,
807,845,924,953,966,973,975,976,1017,1039,1087,1103,1114,1116],[1,1,1,1,1,1,1,
1,1,1,1,1,428,429,439,563,564,709,994,995,1006,1064,1065,1120],[1,1,1,1,1,1,1,
1,438,440,708,710,1005,1007,1119,1121],[1,1,1,1,1,1,1,1,1,1,1,1,570,572,579,
580,715,716,1068,1070,1078,1079,1124,1125],[1,1,1,1,1,1,1,1,1,1,1,1,1,1,1,1,1,
1,1,1,398,401,441,546,548,581,679,682,687,689,711,717,1004,1008,1077,1080,
1118,1122,1123,1126],[1,1,1,1,609,739,1081,1127],[1,1,1,1,1,1,605,610,740,
1074,1082,1128],[1,1,1,1,1,1,1,1,1,1,1,1,1,1,1,1,1,1,1,1,1,1,1,1,274,278,398,
401,581,611,674,678,679,682,711,717,733,741,909,917,1004,1008,1080,1083,1117,
1118,1126,1129],[1,1,1,1,1,1,1,1,1,1,1,1,1,1,1,572,575,580,582,607,612,716,
718,742,1070,1076,1079,1084,1125,1130],[1,1,721,1132],[1,1,1,1,1,1,1,1,1,1,1,
1,1,1,1,546,548,581,687,689,696,697,717,722,1077,1080,1123,1126,1131,1133],[1,
1,723,1134],[1,1,744,1135],[1,1,1,1,1,1,1,1,1,1,1,1,581,611,717,722,741,745,
1080,1083,1126,1129,1133,1136],[1,1,1,1,1,1,1,1,1,1,440,443,710,713,738,746,
1007,1013,1121,1137],[1,1,761,1138],[1,1,1,1,1,1,1,1,1,1,1,1,1,1,1,1,441,581,
711,717,741,745,756,762,1008,1016,1080,1083,1122,1126,1136,1139],[1,1,1,1,1,1,
1,1,1,1,2,1,1,1,1,1,1,1,1,1,1,1,687,689,696,697,717,722,750,753,803,805,830,
850,881,882,923,942,1077,1080,1131,1133,1140,1141],[1,1,1,1,1,1,1,1,847,851,
873,883,939,943,1091,1142],[1,1,1,1,1,1,1,1,1,1,1,1,1,1,1,1,1,1,1,1,717,722,
741,745,753,756,850,866,882,884,923,942,1016,1030,1080,1083,1133,1136,1141,
1143],[1,1,1,1,1,1,861,867,885,1025,1031,1144],[1,1,1,1,1,1,1,1,1,1,1,1,1,1,1,
1,741,745,756,762,866,879,884,886,1016,1030,1083,1097,1136,1139,1143,1145],[1,
1,1,1,1,1,1,1,1,1,1,1,611,741,745,879,886,887,1083,1097,1129,1136,1145,1146],[
1,1,1,1,1,1,1,1,1,830,850,881,882,942,977,1140,1141,1147],[1,1,1,956,978,
1148],[1,1,1,1,1,1,951,957,962,979,1035,1149],[1,1,1,1,1,1,1,1,738,746,968,
980,1013,1041,1137,1150],[1,1,1,1,1,1,1,1,1,1,1,1,607,612,742,975,976,981,
1076,1084,1103,1104,1130,1151],[1,1,1,1,1,1,1,1,1,1,1,1,850,866,882,884,942,
977,1030,1055,1141,1143,1147,1152],[1,1,1,1,1,1,968,980,1041,1056,1150,1153],[
1,1,1,1,1,1,1048,1049,1053,1057,1108,1154],[1,1,1,1,1,1,1,1,1,1,1,1,866,879,
884,886,1030,1055,1097,1113,1143,1145,1152,1155],[1,1,1,1,1,1,1,1,1,975,976,
981,1103,1104,1111,1114,1151,1156],[1,1,1,1,1,1,1,1,1,879,886,887,1097,1113,
1145,1146,1155,1157],[1,1,1,1,1,1,1,1,1,1,1,1,1,2,1,1,1,1,1,1,2,1,1,1,1,1,1,1,
1,1,1,1,1,1,2,1,1,1,1,1,1,1,1,1,1,1,55,123,133,139,232,286,349,357,401,404,
503,506,546,548,551,661,664,669,685,689,692,696,697,699,717,722,741,745,756,
762,763,808,850,866,879,884,886,887,1016,1030,1097,1113,1139,1145,1157,1158],[
1,1,1,1,1,1,1,1,1,1,1,1,439,448,449,709,840,841,1006,1020,1021,1120,1161,
1162],[1,1,1,1,1,1,1,1,1,1,1,1,399,400,450,680,681,817,819,842,1019,1022,1160,
1163],[1,1,1,1,1,1,1,1,1,1,1,1,579,580,586,715,716,845,1078,1079,1089,1124,
1125,1165],[1,1,1,1,1,1,1,1,1,1,547,587,688,824,825,846,1088,1090,1164,1166],[
1,1,1,1,1,1,1,1,1,1,1,1,1,1,275,277,588,675,677,813,816,839,847,927,931,1091,
1159,1167],[1,1,1,1,1,1,1,1,610,614,740,863,1082,1092,1128,1168],[1,1,1,1,1,1,
1,1,587,615,846,864,1090,1093,1166,1169],[1,1,1,1,1,1,1,1,1,1,1,1,1,1,1,1,1,1,
1,1,1,1,1,1,429,434,439,449,451,564,569,602,616,709,841,843,862,865,995,1003,
1006,1021,1026,1065,1094,1120,1162,1170],[1,1,1,1,1,1,1,1,1,1,1,1,696,697,722,
726,830,850,1131,1133,1140,1141,1171,1172],[1,1,1,1,1,1,1,1,588,727,847,851,
1091,1142,1167,1173],[1,1,1,1,1,1,1,1,1,1,1,1,722,726,745,747,850,866,1133,
1136,1141,1143,1172,1174],[1,1,1,1,1,1,1,1,1,1,450,748,842,861,867,1022,1025,
1144,1163,1175],[1,1,1,1,1,1,1,1,1,1,1,1,745,747,762,763,866,879,1136,1139,
1143,1145,1174,1176],[1,1,831,1177],[1,1,1,1,1,1,727,851,853,1142,1173,1178],[
1,1,854,1179],[1,1,1,1,1,1,748,867,868,1144,1175,1180],[1,1,1,1,1,1,1,1,615,
864,878,880,1093,1096,1169,1181],[1,1,1,1,1,1,1,1,851,853,883,943,982,1142,
1178,1182],[1,1,1,1,1,1,957,958,979,983,1149,1183],[1,1,1,1,1,1,1,1,1,1,1,1,1,
1,1,1,602,616,862,865,967,969,974,984,1003,1026,1040,1042,1094,1102,1170,
1184],[1,1,1,1,1,1,1,1,867,868,885,1031,1058,1144,1180,1185],[1,1,1,1,1,1,1,1,
1,1,1,1,967,969,974,984,1040,1042,1052,1059,1102,1107,1184,1186],[1,1,1,1,1,1,
878,880,1096,1115,1181,1187],[1,1,1,1,1,1,1,1,1,762,763,879,1139,1145,1157,
1158,1176,1188],[1,1,1,1,1,442,712,949,1033,1191],[1,1,1,1,1,1,1,1,2,1,1,1,1,
1,1,1,1,1,1,1,1,402,439,449,451,683,709,821,840,841,843,932,933,950,1020,1021,
1032,1034,1161,1162,1190,1192],[1,1,1,1,1,1,1,1,1,1,1,1,1,1,279,280,452,705,
706,838,844,928,930,948,951,1035,1189,1193],[1,1,1,1,1,1,1,1,1,1,1,1,1,1,1,
550,580,582,691,716,718,845,937,953,1089,1098,1099,1165,1194,1195],[1,1,1,1,1,
589,848,954,1100,1196],[1,1,1,1,1,1,1,1,1,1,1,1,1,1,1,1,1,1,1,1,1,580,582,586,
612,617,716,718,742,845,953,966,1079,1084,1089,1099,1101,1125,1130,1165,1195,
1197],[1,1,1,1,1,1,1,1,1,1,1,1,1,1,1,1,1,1,1,1,1,449,451,616,618,841,843,862,
865,950,964,967,1021,1026,1034,1037,1094,1102,1162,1170,1192,1198],[1,1,1,1,1,
1,1,1,1,1,1,1,697,699,722,830,850,942,1140,1141,1147,1171,1172,1199],[1,1,1,1,
724,956,1148,1200],[1,1,1,1,1,1,1,1,1,1,452,728,844,852,951,957,1035,1149,
1193,1201],[1,1,1,1,1,1,746,749,968,1137,1150,1202],[1,1,1,1,1,1,1,1,1,1,1,1,
1,1,1,1,612,617,742,760,764,966,975,976,1084,1087,1101,1103,1130,1151,1197,
1203],[1,1,1,1,1,1,833,851,943,1178,1182,1204],[1,1,1,1,1,1,1,1,728,852,957,
958,1149,1183,1201,1205],[1,1,1,1,1,1,1,1,1,1,1,1,616,618,865,869,967,969,
1094,1102,1170,1184,1198,1206],[1,1,1,1,1,1,852,944,957,1183,1205,1207],[1,1,
955,1208],[1,1,1,1,1,1,1,1,1,1,1,1,1,1,1,1,865,869,876,967,969,974,1029,1040,
1059,1060,1094,1102,1184,1186,1206,1209],[1,1,1,1,1,1,1,1,1,1,1,1,760,764,975,
976,1087,1103,1114,1116,1151,1156,1203,1210],[1,1,1,1,1,1,1,1,406,445,735,737,
1023,1036,1212,1213],[1,1,1,1,1,1,1,1,1,1,1,1,1,1,1,1,1,1,1,1,1,284,402,451,
453,709,731,841,843,857,862,932,933,950,1020,1021,1034,1037,1190,1192,1211,
1214],[1,1,1,1,1,1,1,1,1,1,553,610,694,740,863,1027,1092,1105,1168,1215],[1,1,
1,1,1,1,1,1,1,1,1,1,1,1,1,582,584,612,718,720,742,953,966,1039,1099,1101,1106,
1195,1197,1216],[1,1,1,1,1,1,1,1,1,1,1,1,2,1,1,1,1,1,1,1,1,451,453,590,616,
843,849,862,865,950,964,967,1034,1037,1040,1045,1102,1107,1192,1198,1214,
1217],[1,1,1,1,1,1,1,1,1,1,445,613,737,743,1036,1046,1048,1108,1213,1218],[1,
1,1,1,1,1,1,1,1,1,1,1,1,1,1,1,699,701,722,745,850,866,942,1030,1141,1143,1147,
1152,1172,1174,1199,1219],[1,1,1,1,1,1,1,1,725,746,968,1041,1150,1153,1202,
1220],[1,1,1,1,1,1,1,1,613,743,1048,1049,1108,1154,1218,1221],[1,1,1,1,1,1,
834,867,1031,1180,1185,1222],[1,1,1,1,1,1,1,1,1,1,1,1,1,1,1,1,590,616,849,865,
967,969,1040,1042,1102,1107,1184,1186,1198,1206,1217,1223],[1,1,1,1,1,1,1,1,1,
1,1,1,849,865,941,967,1029,1040,1184,1186,1206,1209,1223,1224],[1,1,1,1,1,1,
743,1018,1048,1154,1221,1225],[1,1,1,1,1,1,1,1,409,553,740,755,1027,1092,1215,
1227],[1,1,1,1,1,1,1,1,1,1,1,1,1,1,1,1,1,1,1,1,1,289,447,550,582,584,716,718,
742,752,757,937,953,1039,1089,1099,1101,1194,1195,1216,1226,1228],[1,1,1,1,1,
1,1,1,1,1,1,1,453,454,590,862,865,876,1037,1040,1102,1214,1217,1229],[1,1,1,1,
555,759,1095,1230],[1,1,1,1,1,1,1,1,1,1,1,1,447,584,585,742,757,760,1039,1101,
1103,1216,1228,1231],[1,1,1,608,1109,1232],[1,1,1,1,1,1,1,1,1,1,1,1,1,1,1,1,
701,702,745,762,866,879,1030,1097,1143,1145,1152,1155,1174,1176,1219,1233],[1,
1,1,1,1,1,1,1,1,1,1,2,1,1,1,1,1,1,1,1,1,1,584,585,612,720,742,760,966,975,976,
1039,1101,1103,1104,1106,1111,1151,1156,1197,1203,1216,1231,1234],[1,1,1,1,1,
1,1,1,829,864,878,1028,1096,1181,1187,1235],[1,1,1,1,1,1,1,1,1,1,1,1,1,1,1,1,
720,742,760,926,966,975,1017,1039,1087,1103,1151,1156,1203,1210,1234,1236],[1,
1,1,1,1,1,1,1,1,1,1,1,1,1,1,1,1,1,1,1,290,410,551,554,699,701,717,722,741,745,
753,756,942,1030,1141,1143,1199,1219,1237,1238],[1,1,1,1,1,1,1,1,446,725,738,
746,1041,1150,1220,1239],[1,1,1,1,1,1,1,1,1,1,1,1,1,1,1,1,410,554,701,702,741,
745,756,762,1030,1097,1143,1145,1219,1233,1238,1240],[1,1,1,1,1,1,1,1,1,1,1,1,
578,584,607,612,720,742,1103,1104,1151,1231,1234,1241],[1,1,1,1,1,1,1,1,1,1,1,
1,554,611,695,701,741,745,1097,1145,1146,1233,1240,1242],[1,1,1,1,1,1,1,1,1,1,
1,1,1,2,1,1,1,1,1,1,1,1,695,701,741,745,762,811,866,879,886,1016,1030,1097,
1139,1145,1146,1155,1157,1176,1188,1233,1242,1243],[1,1,1,1,1,1,1,1,1,1,1,1,
291,552,727,833,847,851,873,943,1142,1178,1204,1244],[1,1,1,1,1,1,1,1,1,1,408,
748,834,861,867,1031,1144,1180,1222,1245],[1,1,1,1,1,1,1,1,1,1,1,1,1,1,1,1,
437,453,590,602,616,849,862,865,1040,1042,1102,1184,1217,1223,1229,1246],[1,1,
1,1,1,1,1,1,545,615,829,864,1096,1181,1235,1247],[1,1,1,1,1,1,1,1,1,1,1,1,672,
695,745,747,811,866,1139,1145,1176,1242,1243,1248],[1,1,1,1,1,1,1,1,1,1,1,1,
288,444,728,844,852,944,951,957,962,1149,1205,1249],[1,1,1,1,1,1,1,1,1,1,1,1,
1,1,1,1,1,1,1,1,397,437,616,618,849,862,865,941,964,967,1029,1040,1094,1102,
1184,1206,1223,1224,1246,1250],[1,1,1,1,1,1,1,1,1,1,1,1,1,1,1,1,518,578,612,
617,720,742,926,966,1087,1103,1151,1203,1234,1236,1241,1251],[1,1,1,1,1,1,1,1,
1,1,1,1,1,2,1,1,1,1,1,1,1,1,1,1,1,273,397,434,437,590,616,843,849,862,865,941,
950,961,964,967,1029,1037,1040,1045,1102,1107,1206,1223,1250,1252],[1,1,1,1,1,
1,1,1,1,1,1,1,363,436,613,737,743,963,1018,1046,1048,1108,1221,1253],[1,1,1,1,
1,1,1,1,1,1,2,1,1,1,1,2,1,1,1,1,1,1,1,1,1,1,1,1,234,433,518,575,578,584,585,
612,718,720,742,757,760,926,953,966,971,973,1017,1039,1087,1101,1103,1106,
1203,1234,1251,1254],[1,1,1,1,1,1,1,1,1,1,1,1,2,1,1,1,1,2,1,1,1,1,1,1,1,1,1,1,
1,1,1,1,1,1,150,232,404,441,554,672,692,695,701,702,717,741,745,756,762,811,
850,866,882,884,942,977,1016,1030,1097,1139,1143,1145,1152,1176,1233,1242,
1248,1255]],rows:=[[1,1,1,1,1,1,1,1,1,1,1,1,1,1,1,1,1,1,1,1,1,1,1],[2,1,1,1,1,
1,1,1,1,1,1,1,1,1,1,1,1,1,1,1,1,1],[2,2,1,1,1,1,1,1,1,1,1,1,1,1,1,1,1,1,1,1,
1],[2,2,2,1,1,1,1,1,1,1,1,1,1,1,1,1,1,1,1,1],[2,2,2,2,1,1,1,1,1,1,1,1,1,1,1,1,
1,1,1],[2,2,2,2,2,1,1,1,1,1,1,1,1,1,1,1,1,1],[2,2,2,2,2,2,1,1,1,1,1,1,1,1,1,1,
1],[2,2,2,2,2,2,2,1,1,1,1,1,1,1,1,1],[2,2,2,2,2,2,2,2,1,1,1,1,1,1,1],[2,2,2,2,
2,2,2,2,2,1,1,1,1,1],[2,2,2,2,2,2,2,2,2,2,1,1,1],[2,2,2,2,2,2,2,2,2,2,2,1],[3,
1,1,1,1,1,1,1,1,1,1,1,1,1,1,1,1,1,1,1,1],[3,2,1,1,1,1,1,1,1,1,1,1,1,1,1,1,1,1,
1,1],[3,2,2,1,1,1,1,1,1,1,1,1,1,1,1,1,1,1,1],[3,2,2,2,1,1,1,1,1,1,1,1,1,1,1,1,
1,1],[3,2,2,2,2,1,1,1,1,1,1,1,1,1,1,1,1],[3,2,2,2,2,2,1,1,1,1,1,1,1,1,1,1],[3,
2,2,2,2,2,2,1,1,1,1,1,1,1,1],[3,2,2,2,2,2,2,2,1,1,1,1,1,1],[3,2,2,2,2,2,2,2,2,
1,1,1,1],[3,2,2,2,2,2,2,2,2,2,1,1],[3,2,2,2,2,2,2,2,2,2,2],[3,3,1,1,1,1,1,1,1,
1,1,1,1,1,1,1,1,1,1],[3,3,2,1,1,1,1,1,1,1,1,1,1,1,1,1,1,1],[3,3,2,2,1,1,1,1,1,
1,1,1,1,1,1,1,1],[3,3,2,2,2,1,1,1,1,1,1,1,1,1,1,1],[3,3,2,2,2,2,1,1,1,1,1,1,1,
1,1],[3,3,2,2,2,2,2,1,1,1,1,1,1,1],[3,3,2,2,2,2,2,2,1,1,1,1,1],[3,3,2,2,2,2,2,
2,2,1,1,1],[3,3,2,2,2,2,2,2,2,2,1],[3,3,3,1,1,1,1,1,1,1,1,1,1,1,1,1,1],[3,3,3,
2,1,1,1,1,1,1,1,1,1,1,1,1],[3,3,3,2,2,1,1,1,1,1,1,1,1,1,1],[3,3,3,2,2,2,1,1,1,
1,1,1,1,1],[3,3,3,2,2,2,2,1,1,1,1,1,1],[3,3,3,2,2,2,2,2,1,1,1,1],[3,3,3,2,2,2,
2,2,2,1,1],[3,3,3,2,2,2,2,2,2,2],[3,3,3,3,1,1,1,1,1,1,1,1,1,1,1],[3,3,3,3,2,1,
1,1,1,1,1,1,1,1],[3,3,3,3,2,2,1,1,1,1,1,1,1],[3,3,3,3,2,2,2,1,1,1,1,1],[3,3,3,
3,2,2,2,2,1,1,1],[3,3,3,3,2,2,2,2,2,1],[3,3,3,3,3,1,1,1,1,1,1,1,1],[3,3,3,3,3,
2,1,1,1,1,1,1],[3,3,3,3,3,2,2,1,1,1,1],[3,3,3,3,3,2,2,2,1,1],[3,3,3,3,3,2,2,2,
2],[3,3,3,3,3,3,1,1,1,1,1],[3,3,3,3,3,3,2,1,1,1],[3,3,3,3,3,3,2,2,1],[3,3,3,3,
3,3,3,1,1],[3,3,3,3,3,3,3,2],[4,1,1,1,1,1,1,1,1,1,1,1,1,1,1,1,1,1,1,1],[4,2,1,
1,1,1,1,1,1,1,1,1,1,1,1,1,1,1,1],[4,2,2,1,1,1,1,1,1,1,1,1,1,1,1,1,1,1],[4,2,2,
2,1,1,1,1,1,1,1,1,1,1,1,1,1],[4,2,2,2,2,1,1,1,1,1,1,1,1,1,1,1],[4,2,2,2,2,2,1,
1,1,1,1,1,1,1,1],[4,2,2,2,2,2,2,1,1,1,1,1,1,1],[4,2,2,2,2,2,2,2,1,1,1,1,1],[4,
2,2,2,2,2,2,2,2,1,1,1],[4,2,2,2,2,2,2,2,2,2,1],[4,3,1,1,1,1,1,1,1,1,1,1,1,1,1,
1,1,1],[4,3,2,1,1,1,1,1,1,1,1,1,1,1,1,1,1],[4,3,2,2,1,1,1,1,1,1,1,1,1,1,1,1],[
4,3,2,2,2,1,1,1,1,1,1,1,1,1,1],[4,3,2,2,2,2,1,1,1,1,1,1,1,1],[4,3,2,2,2,2,2,1,
1,1,1,1,1],[4,3,2,2,2,2,2,2,1,1,1,1],[4,3,2,2,2,2,2,2,2,1,1],[4,3,2,2,2,2,2,2,
2,2],[4,3,3,1,1,1,1,1,1,1,1,1,1,1,1,1],[4,3,3,2,1,1,1,1,1,1,1,1,1,1,1],[4,3,3,
2,2,1,1,1,1,1,1,1,1,1],[4,3,3,2,2,2,1,1,1,1,1,1,1],[4,3,3,2,2,2,2,1,1,1,1,1],[
4,3,3,2,2,2,2,2,1,1,1],[4,3,3,2,2,2,2,2,2,1],[4,3,3,3,1,1,1,1,1,1,1,1,1,1],[4,
3,3,3,2,1,1,1,1,1,1,1,1],[4,3,3,3,2,2,1,1,1,1,1,1],[4,3,3,3,2,2,2,1,1,1,1],[4,
3,3,3,2,2,2,2,1,1],[4,3,3,3,2,2,2,2,2],[4,3,3,3,3,1,1,1,1,1,1,1],[4,3,3,3,3,2,
1,1,1,1,1],[4,3,3,3,3,2,2,1,1,1],[4,3,3,3,3,2,2,2,1],[4,3,3,3,3,3,1,1,1,1],[4,
3,3,3,3,3,2,1,1],[4,3,3,3,3,3,2,2],[4,3,3,3,3,3,3,1],[4,4,1,1,1,1,1,1,1,1,1,1,
1,1,1,1,1],[4,4,2,1,1,1,1,1,1,1,1,1,1,1,1,1],[4,4,2,2,1,1,1,1,1,1,1,1,1,1,1],[
4,4,2,2,2,1,1,1,1,1,1,1,1,1],[4,4,2,2,2,2,1,1,1,1,1,1,1],[4,4,2,2,2,2,2,1,1,1,
1,1],[4,4,2,2,2,2,2,2,1,1,1],[4,4,2,2,2,2,2,2,2,1],[4,4,3,1,1,1,1,1,1,1,1,1,1,
1,1],[4,4,3,2,1,1,1,1,1,1,1,1,1,1],[4,4,3,2,2,1,1,1,1,1,1,1,1],[4,4,3,2,2,2,1,
1,1,1,1,1],[4,4,3,2,2,2,2,1,1,1,1],[4,4,3,2,2,2,2,2,1,1],[4,4,3,2,2,2,2,2,2],[
4,4,3,3,1,1,1,1,1,1,1,1,1],[4,4,3,3,2,1,1,1,1,1,1,1],[4,4,3,3,2,2,1,1,1,1,1],[
4,4,3,3,2,2,2,1,1,1],[4,4,3,3,2,2,2,2,1],[4,4,3,3,3,1,1,1,1,1,1],[4,4,3,3,3,2,
1,1,1,1],[4,4,3,3,3,2,2,1,1],[4,4,3,3,3,2,2,2],[4,4,3,3,3,3,1,1,1],[4,4,3,3,3,
3,2,1],[4,4,3,3,3,3,3],[4,4,4,1,1,1,1,1,1,1,1,1,1,1],[4,4,4,2,1,1,1,1,1,1,1,1,
1],[4,4,4,2,2,1,1,1,1,1,1,1],[4,4,4,2,2,2,1,1,1,1,1],[4,4,4,2,2,2,2,1,1,1],[4,
4,4,2,2,2,2,2,1],[4,4,4,3,1,1,1,1,1,1,1,1],[4,4,4,3,2,1,1,1,1,1,1],[4,4,4,3,2,
2,1,1,1,1],[4,4,4,3,2,2,2,1,1],[4,4,4,3,2,2,2,2],[4,4,4,3,3,1,1,1,1,1],[4,4,4,
3,3,2,1,1,1],[4,4,4,3,3,2,2,1],[4,4,4,3,3,3,1,1],[4,4,4,3,3,3,2],[4,4,4,4,1,1,
1,1,1,1,1],[4,4,4,4,2,1,1,1,1,1],[4,4,4,4,2,2,1,1,1],[4,4,4,4,2,2,2,1],[4,4,4,
4,3,1,1,1,1],[4,4,4,4,3,2,1,1],[4,4,4,4,3,2,2],[4,4,4,4,3,3,1],[4,4,4,4,4,1,1,
1],[4,4,4,4,4,2,1],[4,4,4,4,4,3],[5,1,1,1,1,1,1,1,1,1,1,1,1,1,1,1,1,1,1],[5,2,
1,1,1,1,1,1,1,1,1,1,1,1,1,1,1,1],[5,2,2,1,1,1,1,1,1,1,1,1,1,1,1,1,1],[5,2,2,2,
1,1,1,1,1,1,1,1,1,1,1,1],[5,2,2,2,2,1,1,1,1,1,1,1,1,1,1],[5,2,2,2,2,2,1,1,1,1,
1,1,1,1],[5,2,2,2,2,2,2,1,1,1,1,1,1],[5,2,2,2,2,2,2,2,1,1,1,1],[5,2,2,2,2,2,2,
2,2,1,1],[5,2,2,2,2,2,2,2,2,2],[5,3,1,1,1,1,1,1,1,1,1,1,1,1,1,1,1],[5,3,2,1,1,
1,1,1,1,1,1,1,1,1,1,1],[5,3,2,2,1,1,1,1,1,1,1,1,1,1,1],[5,3,2,2,2,1,1,1,1,1,1,
1,1,1],[5,3,2,2,2,2,1,1,1,1,1,1,1],[5,3,2,2,2,2,2,1,1,1,1,1],[5,3,2,2,2,2,2,2,
1,1,1],[5,3,2,2,2,2,2,2,2,1],[5,3,3,1,1,1,1,1,1,1,1,1,1,1,1],[5,3,3,2,1,1,1,1,
1,1,1,1,1,1],[5,3,3,2,2,1,1,1,1,1,1,1,1],[5,3,3,2,2,2,1,1,1,1,1,1],[5,3,3,2,2,
2,2,1,1,1,1],[5,3,3,2,2,2,2,2,1,1],[5,3,3,2,2,2,2,2,2],[5,3,3,3,1,1,1,1,1,1,1,
1,1],[5,3,3,3,2,1,1,1,1,1,1,1],[5,3,3,3,2,2,1,1,1,1,1],[5,3,3,3,2,2,2,1,1,1],[
5,3,3,3,2,2,2,2,1],[5,3,3,3,3,1,1,1,1,1,1],[5,3,3,3,3,2,1,1,1,1],[5,3,3,3,3,2,
2,1,1],[5,3,3,3,3,2,2,2],[5,3,3,3,3,3,1,1,1],[5,3,3,3,3,3,2,1],[5,3,3,3,3,3,
3],[5,4,1,1,1,1,1,1,1,1,1,1,1,1,1,1],[5,4,2,1,1,1,1,1,1,1,1,1,1,1,1],[5,4,2,2,
1,1,1,1,1,1,1,1,1,1],[5,4,2,2,2,1,1,1,1,1,1,1,1],[5,4,2,2,2,2,1,1,1,1,1,1],[5,
4,2,2,2,2,2,1,1,1,1],[5,4,2,2,2,2,2,2,1,1],[5,4,2,2,2,2,2,2,2],[5,4,3,1,1,1,1,
1,1,1,1,1,1,1],[5,4,3,2,1,1,1,1,1,1,1,1,1],[5,4,3,2,2,1,1,1,1,1,1,1],[5,4,3,2,
2,2,1,1,1,1,1],[5,4,3,2,2,2,2,1,1,1],[5,4,3,2,2,2,2,2,1],[5,4,3,3,1,1,1,1,1,1,
1,1],[5,4,3,3,2,1,1,1,1,1,1],[5,4,3,3,2,2,1,1,1,1],[5,4,3,3,2,2,2,1,1],[5,4,3,
3,2,2,2,2],[5,4,3,3,3,1,1,1,1,1],[5,4,3,3,3,2,1,1,1],[5,4,3,3,3,2,2,1],[5,4,3,
3,3,3,1,1],[5,4,3,3,3,3,2],[5,4,4,1,1,1,1,1,1,1,1,1,1],[5,4,4,2,1,1,1,1,1,1,1,
1],[5,4,4,2,2,1,1,1,1,1,1],[5,4,4,2,2,2,1,1,1,1],[5,4,4,2,2,2,2,1,1],[5,4,4,2,
2,2,2,2],[5,4,4,3,1,1,1,1,1,1,1],[5,4,4,3,2,1,1,1,1,1],[5,4,4,3,2,2,1,1,1],[5,
4,4,3,2,2,2,1],[5,4,4,3,3,1,1,1,1],[5,4,4,3,3,2,1,1],[5,4,4,3,3,2,2],[5,4,4,3,
3,3,1],[5,4,4,4,1,1,1,1,1,1],[5,4,4,4,2,1,1,1,1],[5,4,4,4,2,2,1,1],[5,4,4,4,2,
2,2],[5,4,4,4,3,1,1,1],[5,4,4,4,3,2,1],[5,4,4,4,3,3],[5,4,4,4,4,1,1],[5,4,4,4,
4,2],[5,5,1,1,1,1,1,1,1,1,1,1,1,1,1],[5,5,2,1,1,1,1,1,1,1,1,1,1,1],[5,5,2,2,1,
1,1,1,1,1,1,1,1],[5,5,2,2,2,1,1,1,1,1,1,1],[5,5,2,2,2,2,1,1,1,1,1],[5,5,2,2,2,
2,2,1,1,1],[5,5,2,2,2,2,2,2,1],[5,5,3,1,1,1,1,1,1,1,1,1,1],[5,5,3,2,1,1,1,1,1,
1,1,1],[5,5,3,2,2,1,1,1,1,1,1],[5,5,3,2,2,2,1,1,1,1],[5,5,3,2,2,2,2,1,1],[5,5,
3,2,2,2,2,2],[5,5,3,3,1,1,1,1,1,1,1],[5,5,3,3,2,1,1,1,1,1],[5,5,3,3,2,2,1,1,
1],[5,5,3,3,2,2,2,1],[5,5,3,3,3,1,1,1,1],[5,5,3,3,3,2,1,1],[5,5,3,3,3,2,2],[5,
5,3,3,3,3,1],[5,5,4,1,1,1,1,1,1,1,1,1],[5,5,4,2,1,1,1,1,1,1,1],[5,5,4,2,2,1,1,
1,1,1],[5,5,4,2,2,2,1,1,1],[5,5,4,2,2,2,2,1],[5,5,4,3,1,1,1,1,1,1],[5,5,4,3,2,
1,1,1,1],[5,5,4,3,2,2,1,1],[5,5,4,3,2,2,2],[5,5,4,3,3,1,1,1],[5,5,4,3,3,2,1],[
5,5,4,3,3,3],[5,5,4,4,1,1,1,1,1],[5,5,4,4,2,1,1,1],[5,5,4,4,2,2,1],[5,5,4,4,3,
1,1],[5,5,4,4,3,2],[5,5,4,4,4,1],[5,5,5,1,1,1,1,1,1,1,1],[5,5,5,2,1,1,1,1,1,
1],[5,5,5,2,2,1,1,1,1],[5,5,5,2,2,2,1,1],[5,5,5,2,2,2,2],[5,5,5,3,1,1,1,1,1],[
5,5,5,3,2,1,1,1],[5,5,5,3,2,2,1],[5,5,5,3,3,1,1],[5,5,5,3,3,2],[5,5,5,4,1,1,1,
1],[5,5,5,4,2,1,1],[5,5,5,4,2,2],[5,5,5,4,3,1],[5,5,5,4,4],[5,5,5,5,1,1,1],[5,
5,5,5,2,1],[5,5,5,5,3],[6,1,1,1,1,1,1,1,1,1,1,1,1,1,1,1,1,1],[6,2,1,1,1,1,1,1,
1,1,1,1,1,1,1,1,1],[6,2,2,1,1,1,1,1,1,1,1,1,1,1,1,1],[6,2,2,2,1,1,1,1,1,1,1,1,
1,1,1],[6,2,2,2,2,1,1,1,1,1,1,1,1,1],[6,2,2,2,2,2,1,1,1,1,1,1,1],[6,2,2,2,2,2,
2,1,1,1,1,1],[6,2,2,2,2,2,2,2,1,1,1],[6,2,2,2,2,2,2,2,2,1],[6,3,1,1,1,1,1,1,1,
1,1,1,1,1,1,1],[6,3,2,1,1,1,1,1,1,1,1,1,1,1,1],[6,3,2,2,1,1,1,1,1,1,1,1,1,1],[
6,3,2,2,2,1,1,1,1,1,1,1,1],[6,3,2,2,2,2,1,1,1,1,1,1],[6,3,2,2,2,2,2,1,1,1,1],[
6,3,2,2,2,2,2,2,1,1],[6,3,2,2,2,2,2,2,2],[6,3,3,1,1,1,1,1,1,1,1,1,1,1],[6,3,3,
2,1,1,1,1,1,1,1,1,1],[6,3,3,2,2,1,1,1,1,1,1,1],[6,3,3,2,2,2,1,1,1,1,1],[6,3,3,
2,2,2,2,1,1,1],[6,3,3,2,2,2,2,2,1],[6,3,3,3,1,1,1,1,1,1,1,1],[6,3,3,3,2,1,1,1,
1,1,1],[6,3,3,3,2,2,1,1,1,1],[6,3,3,3,2,2,2,1,1],[6,3,3,3,2,2,2,2],[6,3,3,3,3,
1,1,1,1,1],[6,3,3,3,3,2,1,1,1],[6,3,3,3,3,2,2,1],[6,3,3,3,3,3,1,1],[6,3,3,3,3,
3,2],[6,4,1,1,1,1,1,1,1,1,1,1,1,1,1],[6,4,2,1,1,1,1,1,1,1,1,1,1,1],[6,4,2,2,1,
1,1,1,1,1,1,1,1],[6,4,2,2,2,1,1,1,1,1,1,1],[6,4,2,2,2,2,1,1,1,1,1],[6,4,2,2,2,
2,2,1,1,1],[6,4,2,2,2,2,2,2,1],[6,4,3,1,1,1,1,1,1,1,1,1,1],[6,4,3,2,1,1,1,1,1,
1,1,1],[6,4,3,2,2,1,1,1,1,1,1],[6,4,3,2,2,2,1,1,1,1],[6,4,3,2,2,2,2,1,1],[6,4,
3,2,2,2,2,2],[6,4,3,3,1,1,1,1,1,1,1],[6,4,3,3,2,1,1,1,1,1],[6,4,3,3,2,2,1,1,
1],[6,4,3,3,2,2,2,1],[6,4,3,3,3,1,1,1,1],[6,4,3,3,3,2,1,1],[6,4,3,3,3,2,2],[6,
4,3,3,3,3,1],[6,4,4,1,1,1,1,1,1,1,1,1],[6,4,4,2,1,1,1,1,1,1,1],[6,4,4,2,2,1,1,
1,1,1],[6,4,4,2,2,2,1,1,1],[6,4,4,2,2,2,2,1],[6,4,4,3,1,1,1,1,1,1],[6,4,4,3,2,
1,1,1,1],[6,4,4,3,2,2,1,1],[6,4,4,3,2,2,2],[6,4,4,3,3,1,1,1],[6,4,4,3,3,2,1],[
6,4,4,3,3,3],[6,4,4,4,1,1,1,1,1],[6,4,4,4,2,1,1,1],[6,4,4,4,2,2,1],[6,4,4,4,3,
1,1],[6,4,4,4,3,2],[6,4,4,4,4,1],[6,5,1,1,1,1,1,1,1,1,1,1,1,1],[6,5,2,1,1,1,1,
1,1,1,1,1,1],[6,5,2,2,1,1,1,1,1,1,1,1],[6,5,2,2,2,1,1,1,1,1,1],[6,5,2,2,2,2,1,
1,1,1],[6,5,2,2,2,2,2,1,1],[6,5,2,2,2,2,2,2],[6,5,3,1,1,1,1,1,1,1,1,1],[6,5,3,
2,1,1,1,1,1,1,1],[6,5,3,2,2,1,1,1,1,1],[6,5,3,2,2,2,1,1,1],[6,5,3,2,2,2,2,1],[
6,5,3,3,1,1,1,1,1,1],[6,5,3,3,2,1,1,1,1],[6,5,3,3,2,2,1,1],[6,5,3,3,2,2,2],[6,
5,3,3,3,1,1,1],[6,5,3,3,3,2,1],[6,5,3,3,3,3],[6,5,4,1,1,1,1,1,1,1,1],[6,5,4,2,
1,1,1,1,1,1],[6,5,4,2,2,1,1,1,1],[6,5,4,2,2,2,1,1],[6,5,4,2,2,2,2],[6,5,4,3,1,
1,1,1,1],[6,5,4,3,2,1,1,1],[6,5,4,3,2,2,1],[6,5,4,3,3,1,1],[6,5,4,3,3,2],[6,5,
4,4,1,1,1,1],[6,5,4,4,2,1,1],[6,5,4,4,2,2],[6,5,4,4,3,1],[6,5,4,4,4],[6,5,5,1,
1,1,1,1,1,1],[6,5,5,2,1,1,1,1,1],[6,5,5,2,2,1,1,1],[6,5,5,2,2,2,1],[6,5,5,3,1,
1,1,1],[6,5,5,3,2,1,1],[6,5,5,3,2,2],[6,5,5,3,3,1],[6,5,5,4,1,1,1],[6,5,5,4,2,
1],[6,5,5,4,3],[6,5,5,5,1,1],[6,5,5,5,2],[6,6,1,1,1,1,1,1,1,1,1,1,1],[6,6,2,1,
1,1,1,1,1,1,1,1],[6,6,2,2,1,1,1,1,1,1,1],[6,6,2,2,2,1,1,1,1,1],[6,6,2,2,2,2,1,
1,1],[6,6,2,2,2,2,2,1],[6,6,3,1,1,1,1,1,1,1,1],[6,6,3,2,1,1,1,1,1,1],[6,6,3,2,
2,1,1,1,1],[6,6,3,2,2,2,1,1],[6,6,3,2,2,2,2],[6,6,3,3,1,1,1,1,1],[6,6,3,3,2,1,
1,1],[6,6,3,3,2,2,1],[6,6,3,3,3,1,1],[6,6,3,3,3,2],[6,6,4,1,1,1,1,1,1,1],[6,6,
4,2,1,1,1,1,1],[6,6,4,2,2,1,1,1],[6,6,4,2,2,2,1],[6,6,4,3,1,1,1,1],[6,6,4,3,2,
1,1],[6,6,4,3,2,2],[6,6,4,3,3,1],[6,6,4,4,1,1,1],[6,6,4,4,2,1],[6,6,4,4,3],[6,
6,5,1,1,1,1,1,1],[6,6,5,2,1,1,1,1],[6,6,5,2,2,1,1],[6,6,5,2,2,2],[6,6,5,3,1,1,
1],[6,6,5,3,2,1],[6,6,5,3,3],[6,6,5,4,1,1],[6,6,5,4,2],[6,6,5,5,1],[6,6,6,1,1,
1,1,1],[6,6,6,2,1,1,1],[6,6,6,2,2,1],[6,6,6,3,1,1],[6,6,6,3,2],[6,6,6,4,1],[6,
6,6,5],[7,1,1,1,1,1,1,1,1,1,1,1,1,1,1,1,1],[7,2,1,1,1,1,1,1,1,1,1,1,1,1,1,1],[
7,2,2,1,1,1,1,1,1,1,1,1,1,1,1],[7,2,2,2,1,1,1,1,1,1,1,1,1,1],[7,2,2,2,2,1,1,1,
1,1,1,1,1],[7,2,2,2,2,2,1,1,1,1,1,1],[7,2,2,2,2,2,2,1,1,1,1],[7,2,2,2,2,2,2,2,
1,1],[7,2,2,2,2,2,2,2,2],[7,3,1,1,1,1,1,1,1,1,1,1,1,1,1],[7,3,2,1,1,1,1,1,1,1,
1,1,1,1],[7,3,2,2,1,1,1,1,1,1,1,1,1],[7,3,2,2,2,1,1,1,1,1,1,1],[7,3,2,2,2,2,1,
1,1,1,1],[7,3,2,2,2,2,2,1,1,1],[7,3,2,2,2,2,2,2,1],[7,3,3,1,1,1,1,1,1,1,1,1,
1],[7,3,3,2,1,1,1,1,1,1,1,1],[7,3,3,2,2,1,1,1,1,1,1],[7,3,3,2,2,2,1,1,1,1],[7,
3,3,2,2,2,2,1,1],[7,3,3,2,2,2,2,2],[7,3,3,3,1,1,1,1,1,1,1],[7,3,3,3,2,1,1,1,1,
1],[7,3,3,3,2,2,1,1,1],[7,3,3,3,2,2,2,1],[7,3,3,3,3,1,1,1,1],[7,3,3,3,3,2,1,
1],[7,3,3,3,3,2,2],[7,3,3,3,3,3,1],[7,4,1,1,1,1,1,1,1,1,1,1,1,1],[7,4,2,1,1,1,
1,1,1,1,1,1,1],[7,4,2,2,1,1,1,1,1,1,1,1],[7,4,2,2,2,1,1,1,1,1,1],[7,4,2,2,2,2,
1,1,1,1],[7,4,2,2,2,2,2,1,1],[7,4,2,2,2,2,2,2],[7,4,3,1,1,1,1,1,1,1,1,1],[7,4,
3,2,1,1,1,1,1,1,1],[7,4,3,2,2,1,1,1,1,1],[7,4,3,2,2,2,1,1,1],[7,4,3,2,2,2,2,
1],[7,4,3,3,1,1,1,1,1,1],[7,4,3,3,2,1,1,1,1],[7,4,3,3,2,2,1,1],[7,4,3,3,2,2,
2],[7,4,3,3,3,1,1,1],[7,4,3,3,3,2,1],[7,4,3,3,3,3],[7,4,4,1,1,1,1,1,1,1,1],[7,
4,4,2,1,1,1,1,1,1],[7,4,4,2,2,1,1,1,1],[7,4,4,2,2,2,1,1],[7,4,4,2,2,2,2],[7,4,
4,3,1,1,1,1,1],[7,4,4,3,2,1,1,1],[7,4,4,3,2,2,1],[7,4,4,3,3,1,1],[7,4,4,3,3,
2],[7,4,4,4,1,1,1,1],[7,4,4,4,2,1,1],[7,4,4,4,2,2],[7,4,4,4,3,1],[7,4,4,4,4],[
7,5,1,1,1,1,1,1,1,1,1,1,1],[7,5,2,1,1,1,1,1,1,1,1,1],[7,5,2,2,1,1,1,1,1,1,1],[
7,5,2,2,2,1,1,1,1,1],[7,5,2,2,2,2,1,1,1],[7,5,2,2,2,2,2,1],[7,5,3,1,1,1,1,1,1,
1,1],[7,5,3,2,1,1,1,1,1,1],[7,5,3,2,2,1,1,1,1],[7,5,3,2,2,2,1,1],[7,5,3,2,2,2,
2],[7,5,3,3,1,1,1,1,1],[7,5,3,3,2,1,1,1],[7,5,3,3,2,2,1],[7,5,3,3,3,1,1],[7,5,
3,3,3,2],[7,5,4,1,1,1,1,1,1,1],[7,5,4,2,1,1,1,1,1],[7,5,4,2,2,1,1,1],[7,5,4,2,
2,2,1],[7,5,4,3,1,1,1,1],[7,5,4,3,2,1,1],[7,5,4,3,2,2],[7,5,4,3,3,1],[7,5,4,4,
1,1,1],[7,5,4,4,2,1],[7,5,4,4,3],[7,5,5,1,1,1,1,1,1],[7,5,5,2,1,1,1,1],[7,5,5,
2,2,1,1],[7,5,5,2,2,2],[7,5,5,3,1,1,1],[7,5,5,3,2,1],[7,5,5,3,3],[7,5,5,4,1,
1],[7,5,5,4,2],[7,5,5,5,1],[7,6,1,1,1,1,1,1,1,1,1,1],[7,6,2,1,1,1,1,1,1,1,1],[
7,6,2,2,1,1,1,1,1,1],[7,6,2,2,2,1,1,1,1],[7,6,2,2,2,2,1,1],[7,6,2,2,2,2,2],[7,
6,3,1,1,1,1,1,1,1],[7,6,3,2,1,1,1,1,1],[7,6,3,2,2,1,1,1],[7,6,3,2,2,2,1],[7,6,
3,3,1,1,1,1],[7,6,3,3,2,1,1],[7,6,3,3,2,2],[7,6,3,3,3,1],[7,6,4,1,1,1,1,1,1],[
7,6,4,2,1,1,1,1],[7,6,4,2,2,1,1],[7,6,4,2,2,2],[7,6,4,3,1,1,1],[7,6,4,3,2,1],[
7,6,4,3,3],[7,6,4,4,1,1],[7,6,4,4,2],[7,6,5,1,1,1,1,1],[7,6,5,2,1,1,1],[7,6,5,
2,2,1],[7,6,5,3,1,1],[7,6,5,3,2],[7,6,5,4,1],[7,6,5,5],[7,6,6,1,1,1,1],[7,6,6,
2,1,1],[7,6,6,2,2],[7,6,6,3,1],[7,6,6,4],[7,7,1,1,1,1,1,1,1,1,1],[7,7,2,1,1,1,
1,1,1,1],[7,7,2,2,1,1,1,1,1],[7,7,2,2,2,1,1,1],[7,7,2,2,2,2,1],[7,7,3,1,1,1,1,
1,1],[7,7,3,2,1,1,1,1],[7,7,3,2,2,1,1],[7,7,3,2,2,2],[7,7,3,3,1,1,1],[7,7,3,3,
2,1],[7,7,3,3,3],[7,7,4,1,1,1,1,1],[7,7,4,2,1,1,1],[7,7,4,2,2,1],[7,7,4,3,1,
1],[7,7,4,3,2],[7,7,4,4,1],[7,7,5,1,1,1,1],[7,7,5,2,1,1],[7,7,5,2,2],[7,7,5,3,
1],[7,7,5,4],[7,7,6,1,1,1],[7,7,6,2,1],[7,7,6,3],[7,7,7,1,1],[7,7,7,2],[8,1,1,
1,1,1,1,1,1,1,1,1,1,1,1,1],[8,2,1,1,1,1,1,1,1,1,1,1,1,1,1],[8,2,2,1,1,1,1,1,1,
1,1,1,1,1],[8,2,2,2,1,1,1,1,1,1,1,1,1],[8,2,2,2,2,1,1,1,1,1,1,1],[8,2,2,2,2,2,
1,1,1,1,1],[8,2,2,2,2,2,2,1,1,1],[8,2,2,2,2,2,2,2,1],[8,3,1,1,1,1,1,1,1,1,1,1,
1,1],[8,3,2,1,1,1,1,1,1,1,1,1,1],[8,3,2,2,1,1,1,1,1,1,1,1],[8,3,2,2,2,1,1,1,1,
1,1],[8,3,2,2,2,2,1,1,1,1],[8,3,2,2,2,2,2,1,1],[8,3,2,2,2,2,2,2],[8,3,3,1,1,1,
1,1,1,1,1,1],[8,3,3,2,1,1,1,1,1,1,1],[8,3,3,2,2,1,1,1,1,1],[8,3,3,2,2,2,1,1,
1],[8,3,3,2,2,2,2,1],[8,3,3,3,1,1,1,1,1,1],[8,3,3,3,2,1,1,1,1],[8,3,3,3,2,2,1,
1],[8,3,3,3,2,2,2],[8,3,3,3,3,1,1,1],[8,3,3,3,3,2,1],[8,3,3,3,3,3],[8,4,1,1,1,
1,1,1,1,1,1,1,1],[8,4,2,1,1,1,1,1,1,1,1,1],[8,4,2,2,1,1,1,1,1,1,1],[8,4,2,2,2,
1,1,1,1,1],[8,4,2,2,2,2,1,1,1],[8,4,2,2,2,2,2,1],[8,4,3,1,1,1,1,1,1,1,1],[8,4,
3,2,1,1,1,1,1,1],[8,4,3,2,2,1,1,1,1],[8,4,3,2,2,2,1,1],[8,4,3,2,2,2,2],[8,4,3,
3,1,1,1,1,1],[8,4,3,3,2,1,1,1],[8,4,3,3,2,2,1],[8,4,3,3,3,1,1],[8,4,3,3,3,2],[
8,4,4,1,1,1,1,1,1,1],[8,4,4,2,1,1,1,1,1],[8,4,4,2,2,1,1,1],[8,4,4,2,2,2,1],[8,
4,4,3,1,1,1,1],[8,4,4,3,2,1,1],[8,4,4,3,2,2],[8,4,4,3,3,1],[8,4,4,4,1,1,1],[8,
4,4,4,2,1],[8,4,4,4,3],[8,5,1,1,1,1,1,1,1,1,1,1],[8,5,2,1,1,1,1,1,1,1,1],[8,5,
2,2,1,1,1,1,1,1],[8,5,2,2,2,1,1,1,1],[8,5,2,2,2,2,1,1],[8,5,2,2,2,2,2],[8,5,3,
1,1,1,1,1,1,1],[8,5,3,2,1,1,1,1,1],[8,5,3,2,2,1,1,1],[8,5,3,2,2,2,1],[8,5,3,3,
1,1,1,1],[8,5,3,3,2,1,1],[8,5,3,3,2,2],[8,5,3,3,3,1],[8,5,4,1,1,1,1,1,1],[8,5,
4,2,1,1,1,1],[8,5,4,2,2,1,1],[8,5,4,2,2,2],[8,5,4,3,1,1,1],[8,5,4,3,2,1],[8,5,
4,3,3],[8,5,4,4,1,1],[8,5,4,4,2],[8,5,5,1,1,1,1,1],[8,5,5,2,1,1,1],[8,5,5,2,2,
1],[8,5,5,3,1,1],[8,5,5,3,2],[8,5,5,4,1],[8,5,5,5],[8,6,1,1,1,1,1,1,1,1,1],[8,
6,2,1,1,1,1,1,1,1],[8,6,2,2,1,1,1,1,1],[8,6,2,2,2,1,1,1],[8,6,2,2,2,2,1],[8,6,
3,1,1,1,1,1,1],[8,6,3,2,1,1,1,1],[8,6,3,2,2,1,1],[8,6,3,2,2,2],[8,6,3,3,1,1,
1],[8,6,3,3,2,1],[8,6,3,3,3],[8,6,4,1,1,1,1,1],[8,6,4,2,1,1,1],[8,6,4,2,2,1],[
8,6,4,3,1,1],[8,6,4,3,2],[8,6,4,4,1],[8,6,5,1,1,1,1],[8,6,5,2,1,1],[8,6,5,2,
2],[8,6,5,3,1],[8,6,5,4],[8,6,6,1,1,1],[8,6,6,2,1],[8,6,6,3],[8,7,1,1,1,1,1,1,
1,1],[8,7,2,1,1,1,1,1,1],[8,7,2,2,1,1,1,1],[8,7,2,2,2,1,1],[8,7,2,2,2,2],[8,7,
3,1,1,1,1,1],[8,7,3,2,1,1,1],[8,7,3,2,2,1],[8,7,3,3,1,1],[8,7,3,3,2],[8,7,4,1,
1,1,1],[8,7,4,2,1,1],[8,7,4,2,2],[8,7,4,3,1],[8,7,4,4],[8,7,5,1,1,1],[8,7,5,2,
1],[8,7,5,3],[8,7,6,1,1],[8,7,6,2],[8,7,7,1],[8,8,1,1,1,1,1,1,1],[8,8,2,1,1,1,
1,1],[8,8,2,2,1,1,1],[8,8,2,2,2,1],[8,8,3,1,1,1,1],[8,8,3,2,1,1],[8,8,3,2,2],[
8,8,3,3,1],[8,8,4,1,1,1],[8,8,4,2,1],[8,8,4,3],[8,8,5,1,1],[8,8,5,2],[8,8,6,
1],[8,8,7],[9,1,1,1,1,1,1,1,1,1,1,1,1,1,1],[9,2,1,1,1,1,1,1,1,1,1,1,1,1],[9,2,
2,1,1,1,1,1,1,1,1,1,1],[9,2,2,2,1,1,1,1,1,1,1,1],[9,2,2,2,2,1,1,1,1,1,1],[9,2,
2,2,2,2,1,1,1,1],[9,2,2,2,2,2,2,1,1],[9,2,2,2,2,2,2,2],[9,3,1,1,1,1,1,1,1,1,1,
1,1],[9,3,2,1,1,1,1,1,1,1,1,1],[9,3,2,2,1,1,1,1,1,1,1],[9,3,2,2,2,1,1,1,1,1],[
9,3,2,2,2,2,1,1,1],[9,3,2,2,2,2,2,1],[9,3,3,1,1,1,1,1,1,1,1],[9,3,3,2,1,1,1,1,
1,1],[9,3,3,2,2,1,1,1,1],[9,3,3,2,2,2,1,1],[9,3,3,2,2,2,2],[9,3,3,3,1,1,1,1,
1],[9,3,3,3,2,1,1,1],[9,3,3,3,2,2,1],[9,3,3,3,3,1,1],[9,3,3,3,3,2],[9,4,1,1,1,
1,1,1,1,1,1,1],[9,4,2,1,1,1,1,1,1,1,1],[9,4,2,2,1,1,1,1,1,1],[9,4,2,2,2,1,1,1,
1],[9,4,2,2,2,2,1,1],[9,4,2,2,2,2,2],[9,4,3,1,1,1,1,1,1,1],[9,4,3,2,1,1,1,1,
1],[9,4,3,2,2,1,1,1],[9,4,3,2,2,2,1],[9,4,3,3,1,1,1,1],[9,4,3,3,2,1,1],[9,4,3,
3,2,2],[9,4,3,3,3,1],[9,4,4,1,1,1,1,1,1],[9,4,4,2,1,1,1,1],[9,4,4,2,2,1,1],[9,
4,4,2,2,2],[9,4,4,3,1,1,1],[9,4,4,3,2,1],[9,4,4,3,3],[9,4,4,4,1,1],[9,4,4,4,
2],[9,5,1,1,1,1,1,1,1,1,1],[9,5,2,1,1,1,1,1,1,1],[9,5,2,2,1,1,1,1,1],[9,5,2,2,
2,1,1,1],[9,5,2,2,2,2,1],[9,5,3,1,1,1,1,1,1],[9,5,3,2,1,1,1,1],[9,5,3,2,2,1,
1],[9,5,3,2,2,2],[9,5,3,3,1,1,1],[9,5,3,3,2,1],[9,5,3,3,3],[9,5,4,1,1,1,1,1],[
9,5,4,2,1,1,1],[9,5,4,2,2,1],[9,5,4,3,1,1],[9,5,4,3,2],[9,5,4,4,1],[9,5,5,1,1,
1,1],[9,5,5,2,1,1],[9,5,5,2,2],[9,5,5,3,1],[9,5,5,4],[9,6,1,1,1,1,1,1,1,1],[9,
6,2,1,1,1,1,1,1],[9,6,2,2,1,1,1,1],[9,6,2,2,2,1,1],[9,6,2,2,2,2],[9,6,3,1,1,1,
1,1],[9,6,3,2,1,1,1],[9,6,3,2,2,1],[9,6,3,3,1,1],[9,6,3,3,2],[9,6,4,1,1,1,1],[
9,6,4,2,1,1],[9,6,4,2,2],[9,6,4,3,1],[9,6,4,4],[9,6,5,1,1,1],[9,6,5,2,1],[9,6,
5,3],[9,6,6,1,1],[9,6,6,2],[9,7,1,1,1,1,1,1,1],[9,7,2,1,1,1,1,1],[9,7,2,2,1,1,
1],[9,7,2,2,2,1],[9,7,3,1,1,1,1],[9,7,3,2,1,1],[9,7,3,2,2],[9,7,3,3,1],[9,7,4,
1,1,1],[9,7,4,2,1],[9,7,4,3],[9,7,5,1,1],[9,7,5,2],[9,7,6,1],[9,7,7],[9,8,1,1,
1,1,1,1],[9,8,2,1,1,1,1],[9,8,2,2,1,1],[9,8,2,2,2],[9,8,3,1,1,1],[9,8,3,2,1],[
9,8,3,3],[9,8,4,1,1],[9,8,4,2],[9,8,5,1],[9,8,6],[9,9,1,1,1,1,1],[9,9,2,1,1,
1],[9,9,2,2,1],[9,9,3,1,1],[9,9,3,2],[9,9,4,1],[9,9,5],[10,1,1,1,1,1,1,1,1,1,
1,1,1,1],[10,2,1,1,1,1,1,1,1,1,1,1,1],[10,2,2,1,1,1,1,1,1,1,1,1],[10,2,2,2,1,
1,1,1,1,1,1],[10,2,2,2,2,1,1,1,1,1],[10,2,2,2,2,2,1,1,1],[10,2,2,2,2,2,2,1],[
10,3,1,1,1,1,1,1,1,1,1,1],[10,3,2,1,1,1,1,1,1,1,1],[10,3,2,2,1,1,1,1,1,1],[10,
3,2,2,2,1,1,1,1],[10,3,2,2,2,2,1,1],[10,3,2,2,2,2,2],[10,3,3,1,1,1,1,1,1,1],[
10,3,3,2,1,1,1,1,1],[10,3,3,2,2,1,1,1],[10,3,3,2,2,2,1],[10,3,3,3,1,1,1,1],[
10,3,3,3,2,1,1],[10,3,3,3,2,2],[10,3,3,3,3,1],[10,4,1,1,1,1,1,1,1,1,1],[10,4,
2,1,1,1,1,1,1,1],[10,4,2,2,1,1,1,1,1],[10,4,2,2,2,1,1,1],[10,4,2,2,2,2,1],[10,
4,3,1,1,1,1,1,1],[10,4,3,2,1,1,1,1],[10,4,3,2,2,1,1],[10,4,3,2,2,2],[10,4,3,3,
1,1,1],[10,4,3,3,2,1],[10,4,3,3,3],[10,4,4,1,1,1,1,1],[10,4,4,2,1,1,1],[10,4,
4,2,2,1],[10,4,4,3,1,1],[10,4,4,3,2],[10,4,4,4,1],[10,5,1,1,1,1,1,1,1,1],[10,
5,2,1,1,1,1,1,1],[10,5,2,2,1,1,1,1],[10,5,2,2,2,1,1],[10,5,2,2,2,2],[10,5,3,1,
1,1,1,1],[10,5,3,2,1,1,1],[10,5,3,2,2,1],[10,5,3,3,1,1],[10,5,3,3,2],[10,5,4,
1,1,1,1],[10,5,4,2,1,1],[10,5,4,2,2],[10,5,4,3,1],[10,5,4,4],[10,5,5,1,1,1],[
10,5,5,2,1],[10,5,5,3],[10,6,1,1,1,1,1,1,1],[10,6,2,1,1,1,1,1],[10,6,2,2,1,1,
1],[10,6,2,2,2,1],[10,6,3,1,1,1,1],[10,6,3,2,1,1],[10,6,3,2,2],[10,6,3,3,1],[
10,6,4,1,1,1],[10,6,4,2,1],[10,6,4,3],[10,6,5,1,1],[10,6,5,2],[10,6,6,1],[10,
7,1,1,1,1,1,1],[10,7,2,1,1,1,1],[10,7,2,2,1,1],[10,7,2,2,2],[10,7,3,1,1,1],[
10,7,3,2,1],[10,7,3,3],[10,7,4,1,1],[10,7,4,2],[10,7,5,1],[10,7,6],[10,8,1,1,
1,1,1],[10,8,2,1,1,1],[10,8,2,2,1],[10,8,3,1,1],[10,8,3,2],[10,8,4,1],[10,8,
5],[10,9,1,1,1,1],[10,9,2,1,1],[10,9,2,2],[10,9,3,1],[10,9,4],[10,10,1,1,1],[
10,10,2,1],[10,10,3],[11,1,1,1,1,1,1,1,1,1,1,1,1],[11,2,1,1,1,1,1,1,1,1,1,1],[
11,2,2,1,1,1,1,1,1,1,1],[11,2,2,2,1,1,1,1,1,1],[11,2,2,2,2,1,1,1,1],[11,2,2,2,
2,2,1,1],[11,2,2,2,2,2,2],[11,3,1,1,1,1,1,1,1,1,1],[11,3,2,1,1,1,1,1,1,1],[11,
3,2,2,1,1,1,1,1],[11,3,2,2,2,1,1,1],[11,3,2,2,2,2,1],[11,3,3,1,1,1,1,1,1],[11,
3,3,2,1,1,1,1],[11,3,3,2,2,1,1],[11,3,3,2,2,2],[11,3,3,3,1,1,1],[11,3,3,3,2,
1],[11,3,3,3,3],[11,4,1,1,1,1,1,1,1,1],[11,4,2,1,1,1,1,1,1],[11,4,2,2,1,1,1,
1],[11,4,2,2,2,1,1],[11,4,2,2,2,2],[11,4,3,1,1,1,1,1],[11,4,3,2,1,1,1],[11,4,
3,2,2,1],[11,4,3,3,1,1],[11,4,3,3,2],[11,4,4,1,1,1,1],[11,4,4,2,1,1],[11,4,4,
2,2],[11,4,4,3,1],[11,4,4,4],[11,5,1,1,1,1,1,1,1],[11,5,2,1,1,1,1,1],[11,5,2,
2,1,1,1],[11,5,2,2,2,1],[11,5,3,1,1,1,1],[11,5,3,2,1,1],[11,5,3,2,2],[11,5,3,
3,1],[11,5,4,1,1,1],[11,5,4,2,1],[11,5,4,3],[11,5,5,1,1],[11,5,5,2],[11,6,1,1,
1,1,1,1],[11,6,2,1,1,1,1],[11,6,2,2,1,1],[11,6,2,2,2],[11,6,3,1,1,1],[11,6,3,
2,1],[11,6,3,3],[11,6,4,1,1],[11,6,4,2],[11,6,5,1],[11,6,6],[11,7,1,1,1,1,1],[
11,7,2,1,1,1],[11,7,2,2,1],[11,7,3,1,1],[11,7,3,2],[11,7,4,1],[11,7,5],[11,8,
1,1,1,1],[11,8,2,1,1],[11,8,2,2],[11,8,3,1],[11,8,4],[11,9,1,1,1],[11,9,2,1],[
11,9,3],[11,10,1,1],[11,10,2],[11,11,1],[12,1,1,1,1,1,1,1,1,1,1,1],[12,2,1,1,
1,1,1,1,1,1,1],[12,2,2,1,1,1,1,1,1,1],[12,2,2,2,1,1,1,1,1],[12,2,2,2,2,1,1,
1],[12,2,2,2,2,2,1],[12,3,1,1,1,1,1,1,1,1],[12,3,2,1,1,1,1,1,1],[12,3,2,2,1,1,
1,1],[12,3,2,2,2,1,1],[12,3,2,2,2,2],[12,3,3,1,1,1,1,1],[12,3,3,2,1,1,1],[12,
3,3,2,2,1],[12,3,3,3,1,1],[12,3,3,3,2],[12,4,1,1,1,1,1,1,1],[12,4,2,1,1,1,1,
1],[12,4,2,2,1,1,1],[12,4,2,2,2,1],[12,4,3,1,1,1,1],[12,4,3,2,1,1],[12,4,3,2,
2],[12,4,3,3,1],[12,4,4,1,1,1],[12,4,4,2,1],[12,4,4,3],[12,5,1,1,1,1,1,1],[12,
5,2,1,1,1,1],[12,5,2,2,1,1],[12,5,2,2,2],[12,5,3,1,1,1],[12,5,3,2,1],[12,5,3,
3],[12,5,4,1,1],[12,5,4,2],[12,5,5,1],[12,6,1,1,1,1,1],[12,6,2,1,1,1],[12,6,2,
2,1],[12,6,3,1,1],[12,6,3,2],[12,6,4,1],[12,6,5],[12,7,1,1,1,1],[12,7,2,1,1],[
12,7,2,2],[12,7,3,1],[12,7,4],[12,8,1,1,1],[12,8,2,1],[12,8,3],[12,9,1,1],[12,
9,2],[12,10,1],[12,11],[13,1,1,1,1,1,1,1,1,1,1],[13,2,1,1,1,1,1,1,1,1],[13,2,
2,1,1,1,1,1,1],[13,2,2,2,1,1,1,1],[13,2,2,2,2,1,1],[13,2,2,2,2,2],[13,3,1,1,1,
1,1,1,1],[13,3,2,1,1,1,1,1],[13,3,2,2,1,1,1],[13,3,2,2,2,1],[13,3,3,1,1,1,1],[
13,3,3,2,1,1],[13,3,3,2,2],[13,3,3,3,1],[13,4,1,1,1,1,1,1],[13,4,2,1,1,1,1],[
13,4,2,2,1,1],[13,4,2,2,2],[13,4,3,1,1,1],[13,4,3,2,1],[13,4,3,3],[13,4,4,1,
1],[13,4,4,2],[13,5,1,1,1,1,1],[13,5,2,1,1,1],[13,5,2,2,1],[13,5,3,1,1],[13,5,
3,2],[13,5,4,1],[13,5,5],[13,6,1,1,1,1],[13,6,2,1,1],[13,6,2,2],[13,6,3,1],[
13,6,4],[13,7,1,1,1],[13,7,2,1],[13,7,3],[13,8,1,1],[13,8,2],[13,9,1],[13,
10],[14,1,1,1,1,1,1,1,1,1],[14,2,1,1,1,1,1,1,1],[14,2,2,1,1,1,1,1],[14,2,2,2,
1,1,1],[14,2,2,2,2,1],[14,3,1,1,1,1,1,1],[14,3,2,1,1,1,1],[14,3,2,2,1,1],[14,
3,2,2,2],[14,3,3,1,1,1],[14,3,3,2,1],[14,3,3,3],[14,4,1,1,1,1,1],[14,4,2,1,1,
1],[14,4,2,2,1],[14,4,3,1,1],[14,4,3,2],[14,4,4,1],[14,5,1,1,1,1],[14,5,2,1,
1],[14,5,2,2],[14,5,3,1],[14,5,4],[14,6,1,1,1],[14,6,2,1],[14,6,3],[14,7,1,
1],[14,7,2],[14,8,1],[14,9],[15,1,1,1,1,1,1,1,1],[15,2,1,1,1,1,1,1],[15,2,2,1,
1,1,1],[15,2,2,2,1,1],[15,2,2,2,2],[15,3,1,1,1,1,1],[15,3,2,1,1,1],[15,3,2,2,
1],[15,3,3,1,1],[15,3,3,2],[15,4,1,1,1,1],[15,4,2,1,1],[15,4,2,2],[15,4,3,1],[
15,4,4],[15,5,1,1,1],[15,5,2,1],[15,5,3],[15,6,1,1],[15,6,2],[15,7,1],[15,8],[
16,1,1,1,1,1,1,1],[16,2,1,1,1,1,1],[16,2,2,1,1,1],[16,2,2,2,1],[16,3,1,1,1,
1],[16,3,2,1,1],[16,3,2,2],[16,3,3,1],[16,4,1,1,1],[16,4,2,1],[16,4,3],[16,5,
1,1],[16,5,2],[16,6,1],[16,7],[17,1,1,1,1,1,1],[17,2,1,1,1,1],[17,2,2,1,1],[
17,2,2,2],[17,3,1,1,1],[17,3,2,1],[17,3,3],[17,4,1,1],[17,4,2],[17,5,1],[17,
6],[18,1,1,1,1,1],[18,2,1,1,1],[18,2,2,1],[18,3,1,1],[18,3,2],[18,4,1],[18,
5],[19,1,1,1,1],[19,2,1,1],[19,2,2],[19,3,1],[19,4],[20,1,1,1],[20,2,1],[20,
3],[21,1,1],[21,2],[22,1],[23]],cols:=[[3,3,3,3,2,2,2,2,1,1,1],[4,3,3,3,2,2,2,
1,1,1,1],[4,3,3,3,2,2,2,2,1,1],[4,3,3,3,3,2,2,1,1,1],[4,3,3,3,3,2,2,2,1],[4,4,
3,2,2,2,2,1,1,1,1],[4,4,3,3,2,2,2,1,1,1],[4,4,3,3,2,2,2,2,1],[4,4,3,3,3,2,1,1,
1,1],[4,4,3,3,3,2,2,1,1],[4,4,3,3,3,2,2,2],[4,4,3,3,3,3,1,1,1],[4,4,3,3,3,3,2,
1],[4,4,4,2,2,2,2,1,1,1],[4,4,4,3,2,2,1,1,1,1],[4,4,4,3,2,2,2,1,1],[4,4,4,3,2,
2,2,2],[4,4,4,3,3,2,1,1,1],[4,4,4,3,3,2,2,1],[4,4,4,3,3,3,1,1],[4,4,4,3,3,3,
2],[4,4,4,4,2,2,1,1,1],[4,4,4,4,2,2,2,1],[4,4,4,4,3,1,1,1,1],[4,4,4,4,3,2,1,
1],[4,4,4,4,3,2,2],[4,4,4,4,3,3,1],[5,3,3,2,2,2,2,1,1,1,1],[5,3,3,3,2,2,2,1,1,
1],[5,3,3,3,2,2,2,2,1],[5,3,3,3,3,2,1,1,1,1],[5,3,3,3,3,2,2,1,1],[5,3,3,3,3,2,
2,2],[5,4,3,2,2,2,2,1,1,1],[5,4,3,3,2,2,1,1,1,1],[5,4,3,3,2,2,2,1,1],[5,4,3,3,
2,2,2,2],[5,4,3,3,3,2,1,1,1],[5,4,3,3,3,2,2,1],[5,4,3,3,3,3,1,1],[5,4,3,3,3,3,
2],[5,4,4,2,2,2,1,1,1,1],[5,4,4,2,2,2,2,1,1],[5,4,4,3,2,2,1,1,1],[5,4,4,3,2,2,
2,1],[5,4,4,3,3,1,1,1,1],[5,4,4,3,3,2,1,1],[5,4,4,3,3,2,2],[5,4,4,3,3,3,1],[5,
4,4,4,2,1,1,1,1],[5,4,4,4,2,2,1,1],[5,4,4,4,2,2,2],[5,4,4,4,3,1,1,1],[5,4,4,4,
3,2,1],[5,4,4,4,3,3],[5,4,4,4,4,1,1],[5,4,4,4,4,2],[5,5,3,2,2,2,1,1,1,1],[5,5,
3,2,2,2,2,1,1],[5,5,3,3,2,2,1,1,1],[5,5,3,3,2,2,2,1],[5,5,3,3,3,1,1,1,1],[5,5,
3,3,3,2,1,1],[5,5,3,3,3,2,2],[5,5,3,3,3,3,1],[5,5,4,2,2,2,1,1,1],[5,5,4,2,2,2,
2,1],[5,5,4,3,2,1,1,1,1],[5,5,4,3,2,2,1,1],[5,5,4,3,2,2,2],[5,5,4,3,3,1,1,1],[
5,5,4,3,3,2,1],[5,5,4,3,3,3],[5,5,4,4,2,1,1,1],[5,5,4,4,2,2,1],[5,5,4,4,3,1,
1],[5,5,4,4,3,2],[5,5,4,4,4,1],[5,5,5,2,2,1,1,1,1],[5,5,5,2,2,2,1,1],[5,5,5,2,
2,2,2],[5,5,5,3,2,1,1,1],[5,5,5,3,2,2,1],[5,5,5,3,3,1,1],[5,5,5,3,3,2],[5,5,5,
4,1,1,1,1],[5,5,5,4,2,1,1],[5,5,5,4,2,2],[5,5,5,4,3,1],[5,5,5,4,4],[5,5,5,5,1,
1,1],[5,5,5,5,2,1],[5,5,5,5,3],[6,3,3,2,2,2,2,1,1,1],[6,3,3,3,2,2,1,1,1,1],[6,
3,3,3,2,2,2,1,1],[6,3,3,3,2,2,2,2],[6,3,3,3,3,2,1,1,1],[6,3,3,3,3,2,2,1],[6,4,
3,2,2,2,1,1,1,1],[6,4,3,2,2,2,2,1,1],[6,4,3,3,2,2,1,1,1],[6,4,3,3,2,2,2,1],[6,
4,3,3,3,1,1,1,1],[6,4,3,3,3,2,1,1],[6,4,3,3,3,2,2],[6,4,3,3,3,3,1],[6,4,4,2,2,
2,1,1,1],[6,4,4,2,2,2,2,1],[6,4,4,3,2,1,1,1,1],[6,4,4,3,2,2,1,1],[6,4,4,3,2,2,
2],[6,4,4,3,3,1,1,1],[6,4,4,3,3,2,1],[6,4,4,3,3,3],[6,4,4,4,2,1,1,1],[6,4,4,4,
2,2,1],[6,4,4,4,3,1,1],[6,4,4,4,3,2],[6,4,4,4,4,1],[6,5,2,2,2,2,1,1,1,1],[6,5,
3,2,2,2,1,1,1],[6,5,3,2,2,2,2,1],[6,5,3,3,2,1,1,1,1],[6,5,3,3,2,2,1,1],[6,5,3,
3,2,2,2],[6,5,3,3,3,1,1,1],[6,5,3,3,3,2,1],[6,5,3,3,3,3],[6,5,4,2,2,1,1,1,1],[
6,5,4,2,2,2,1,1],[6,5,4,2,2,2,2],[6,5,4,3,2,1,1,1],[6,5,4,3,2,2,1],[6,5,4,3,3,
1,1],[6,5,4,3,3,2],[6,5,4,4,1,1,1,1],[6,5,4,4,2,1,1],[6,5,4,4,2,2],[6,5,4,4,3,
1],[6,5,4,4,4],[6,5,5,2,2,1,1,1],[6,5,5,2,2,2,1],[6,5,5,3,1,1,1,1],[6,5,5,3,2,
1,1],[6,5,5,3,2,2],[6,5,5,3,3,1],[6,5,5,4,1,1,1],[6,5,5,4,2,1],[6,5,5,4,3],[6,
5,5,5,1,1],[6,5,5,5,2],[6,6,2,2,2,2,1,1,1],[6,6,3,2,2,1,1,1,1],[6,6,3,2,2,2,1,
1],[6,6,3,2,2,2,2],[6,6,3,3,2,1,1,1],[6,6,3,3,2,2,1],[6,6,3,3,3,1,1],[6,6,3,3,
3,2],[6,6,4,2,2,1,1,1],[6,6,4,2,2,2,1],[6,6,4,3,1,1,1,1],[6,6,4,3,2,1,1],[6,6,
4,3,2,2],[6,6,4,3,3,1],[6,6,4,4,1,1,1],[6,6,4,4,2,1],[6,6,4,4,3],[6,6,5,2,1,1,
1,1],[6,6,5,2,2,1,1],[6,6,5,2,2,2],[6,6,5,3,1,1,1],[6,6,5,3,2,1],[6,6,5,3,3],[
6,6,5,4,1,1],[6,6,5,4,2],[6,6,5,5,1],[6,6,6,2,1,1,1],[6,6,6,2,2,1],[6,6,6,3,1,
1],[6,6,6,3,2],[6,6,6,4,1],[6,6,6,5],[7,3,3,2,2,2,1,1,1,1],[7,3,3,2,2,2,2,1,
1],[7,3,3,3,2,2,1,1,1],[7,3,3,3,2,2,2,1],[7,3,3,3,3,1,1,1,1],[7,3,3,3,3,2,1,
1],[7,3,3,3,3,2,2],[7,4,2,2,2,2,1,1,1,1],[7,4,3,2,2,2,1,1,1],[7,4,3,2,2,2,2,
1],[7,4,3,3,2,1,1,1,1],[7,4,3,3,2,2,1,1],[7,4,3,3,2,2,2],[7,4,3,3,3,1,1,1],[7,
4,3,3,3,2,1],[7,4,3,3,3,3],[7,4,4,2,2,1,1,1,1],[7,4,4,2,2,2,1,1],[7,4,4,2,2,2,
2],[7,4,4,3,2,1,1,1],[7,4,4,3,2,2,1],[7,4,4,3,3,1,1],[7,4,4,3,3,2],[7,4,4,4,1,
1,1,1],[7,4,4,4,2,1,1],[7,4,4,4,2,2],[7,4,4,4,3,1],[7,4,4,4,4],[7,5,2,2,2,2,1,
1,1],[7,5,3,2,2,1,1,1,1],[7,5,3,2,2,2,1,1],[7,5,3,2,2,2,2],[7,5,3,3,2,1,1,1],[
7,5,3,3,2,2,1],[7,5,3,3,3,1,1],[7,5,3,3,3,2],[7,5,4,2,2,1,1,1],[7,5,4,2,2,2,
1],[7,5,4,3,1,1,1,1],[7,5,4,3,2,1,1],[7,5,4,3,2,2],[7,5,4,3,3,1],[7,5,4,4,1,1,
1],[7,5,4,4,2,1],[7,5,4,4,3],[7,5,5,2,1,1,1,1],[7,5,5,2,2,1,1],[7,5,5,2,2,2],[
7,5,5,3,1,1,1],[7,5,5,3,2,1],[7,5,5,3,3],[7,5,5,4,1,1],[7,5,5,4,2],[7,5,5,5,
1],[7,6,2,2,2,1,1,1,1],[7,6,2,2,2,2,1,1],[7,6,3,2,2,1,1,1],[7,6,3,2,2,2,1],[7,
6,3,3,1,1,1,1],[7,6,3,3,2,1,1],[7,6,3,3,2,2],[7,6,3,3,3,1],[7,6,4,2,1,1,1,1],[
7,6,4,2,2,1,1],[7,6,4,2,2,2],[7,6,4,3,1,1,1],[7,6,4,3,2,1],[7,6,4,3,3],[7,6,4,
4,1,1],[7,6,4,4,2],[7,6,5,2,1,1,1],[7,6,5,2,2,1],[7,6,5,3,1,1],[7,6,5,3,2],[7,
6,5,4,1],[7,6,5,5],[7,6,6,1,1,1,1],[7,6,6,2,1,1],[7,6,6,2,2],[7,6,6,3,1],[7,6,
6,4],[7,7,2,2,2,1,1,1],[7,7,2,2,2,2,1],[7,7,3,2,1,1,1,1],[7,7,3,2,2,1,1],[7,7,
3,2,2,2],[7,7,3,3,1,1,1],[7,7,3,3,2,1],[7,7,3,3,3],[7,7,4,2,1,1,1],[7,7,4,2,2,
1],[7,7,4,3,1,1],[7,7,4,3,2],[7,7,4,4,1],[7,7,5,1,1,1,1],[7,7,5,2,1,1],[7,7,5,
2,2],[7,7,5,3,1],[7,7,5,4],[7,7,6,1,1,1],[7,7,6,2,1],[7,7,6,3],[7,7,7,1,1],[7,
7,7,2],[8,3,2,2,2,2,1,1,1,1],[8,3,3,2,2,2,1,1,1],[8,3,3,2,2,2,2,1],[8,3,3,3,2,
1,1,1,1],[8,3,3,3,2,2,1,1],[8,3,3,3,2,2,2],[8,3,3,3,3,1,1,1],[8,3,3,3,3,2,1],[
8,4,2,2,2,2,1,1,1],[8,4,3,2,2,1,1,1,1],[8,4,3,2,2,2,1,1],[8,4,3,2,2,2,2],[8,4,
3,3,2,1,1,1],[8,4,3,3,2,2,1],[8,4,3,3,3,1,1],[8,4,3,3,3,2],[8,4,4,2,2,1,1,1],[
8,4,4,2,2,2,1],[8,4,4,3,1,1,1,1],[8,4,4,3,2,1,1],[8,4,4,3,2,2],[8,4,4,3,3,1],[
8,4,4,4,1,1,1],[8,4,4,4,2,1],[8,4,4,4,3],[8,5,2,2,2,1,1,1,1],[8,5,2,2,2,2,1,
1],[8,5,3,2,2,1,1,1],[8,5,3,2,2,2,1],[8,5,3,3,1,1,1,1],[8,5,3,3,2,1,1],[8,5,3,
3,2,2],[8,5,3,3,3,1],[8,5,4,2,1,1,1,1],[8,5,4,2,2,1,1],[8,5,4,2,2,2],[8,5,4,3,
1,1,1],[8,5,4,3,2,1],[8,5,4,3,3],[8,5,4,4,1,1],[8,5,4,4,2],[8,5,5,2,1,1,1],[8,
5,5,2,2,1],[8,5,5,3,1,1],[8,5,5,3,2],[8,5,5,4,1],[8,5,5,5],[8,6,2,2,2,1,1,1],[
8,6,2,2,2,2,1],[8,6,3,2,1,1,1,1],[8,6,3,2,2,1,1],[8,6,3,2,2,2],[8,6,3,3,1,1,
1],[8,6,3,3,2,1],[8,6,3,3,3],[8,6,4,2,1,1,1],[8,6,4,2,2,1],[8,6,4,3,1,1],[8,6,
4,3,2],[8,6,4,4,1],[8,6,5,1,1,1,1],[8,6,5,2,1,1],[8,6,5,2,2],[8,6,5,3,1],[8,6,
5,4],[8,6,6,1,1,1],[8,6,6,2,1],[8,6,6,3],[8,7,2,2,1,1,1,1],[8,7,2,2,2,1,1],[8,
7,2,2,2,2],[8,7,3,2,1,1,1],[8,7,3,2,2,1],[8,7,3,3,1,1],[8,7,3,3,2],[8,7,4,1,1,
1,1],[8,7,4,2,1,1],[8,7,4,2,2],[8,7,4,3,1],[8,7,4,4],[8,7,5,1,1,1],[8,7,5,2,
1],[8,7,5,3],[8,7,6,1,1],[8,7,6,2],[8,7,7,1],[8,8,2,2,1,1,1],[8,8,2,2,2,1],[8,
8,3,1,1,1,1],[8,8,3,2,1,1],[8,8,3,2,2],[8,8,3,3,1],[8,8,4,1,1,1],[8,8,4,2,1],[
8,8,4,3],[8,8,5,1,1],[8,8,5,2],[8,8,6,1],[8,8,7],[9,3,2,2,2,2,1,1,1],[9,3,3,2,
2,1,1,1,1],[9,3,3,2,2,2,1,1],[9,3,3,2,2,2,2],[9,3,3,3,2,1,1,1],[9,3,3,3,2,2,
1],[9,3,3,3,3,1,1],[9,3,3,3,3,2],[9,4,2,2,2,1,1,1,1],[9,4,2,2,2,2,1,1],[9,4,3,
2,2,1,1,1],[9,4,3,2,2,2,1],[9,4,3,3,1,1,1,1],[9,4,3,3,2,1,1],[9,4,3,3,2,2],[9,
4,3,3,3,1],[9,4,4,2,1,1,1,1],[9,4,4,2,2,1,1],[9,4,4,2,2,2],[9,4,4,3,1,1,1],[9,
4,4,3,2,1],[9,4,4,3,3],[9,4,4,4,1,1],[9,4,4,4,2],[9,5,2,2,2,1,1,1],[9,5,2,2,2,
2,1],[9,5,3,2,1,1,1,1],[9,5,3,2,2,1,1],[9,5,3,2,2,2],[9,5,3,3,1,1,1],[9,5,3,3,
2,1],[9,5,3,3,3],[9,5,4,2,1,1,1],[9,5,4,2,2,1],[9,5,4,3,1,1],[9,5,4,3,2],[9,5,
4,4,1],[9,5,5,1,1,1,1],[9,5,5,2,1,1],[9,5,5,2,2],[9,5,5,3,1],[9,5,5,4],[9,6,2,
2,1,1,1,1],[9,6,2,2,2,1,1],[9,6,2,2,2,2],[9,6,3,2,1,1,1],[9,6,3,2,2,1],[9,6,3,
3,1,1],[9,6,3,3,2],[9,6,4,1,1,1,1],[9,6,4,2,1,1],[9,6,4,2,2],[9,6,4,3,1],[9,6,
4,4],[9,6,5,1,1,1],[9,6,5,2,1],[9,6,5,3],[9,6,6,1,1],[9,6,6,2],[9,7,2,2,1,1,
1],[9,7,2,2,2,1],[9,7,3,1,1,1,1],[9,7,3,2,1,1],[9,7,3,2,2],[9,7,3,3,1],[9,7,4,
1,1,1],[9,7,4,2,1],[9,7,4,3],[9,7,5,1,1],[9,7,5,2],[9,7,6,1],[9,7,7],[9,8,2,1,
1,1,1],[9,8,2,2,1,1],[9,8,2,2,2],[9,8,3,1,1,1],[9,8,3,2,1],[9,8,3,3],[9,8,4,1,
1],[9,8,4,2],[9,8,5,1],[9,8,6],[9,9,2,1,1,1],[9,9,2,2,1],[9,9,3,1,1],[9,9,3,
2],[9,9,4,1],[9,9,5],[10,3,2,2,2,1,1,1,1],[10,3,2,2,2,2,1,1],[10,3,3,2,2,1,1,
1],[10,3,3,2,2,2,1],[10,3,3,3,1,1,1,1],[10,3,3,3,2,1,1],[10,3,3,3,2,2],[10,3,
3,3,3,1],[10,4,2,2,2,1,1,1],[10,4,2,2,2,2,1],[10,4,3,2,1,1,1,1],[10,4,3,2,2,1,
1],[10,4,3,2,2,2],[10,4,3,3,1,1,1],[10,4,3,3,2,1],[10,4,3,3,3],[10,4,4,2,1,1,
1],[10,4,4,2,2,1],[10,4,4,3,1,1],[10,4,4,3,2],[10,4,4,4,1],[10,5,2,2,1,1,1,
1],[10,5,2,2,2,1,1],[10,5,2,2,2,2],[10,5,3,2,1,1,1],[10,5,3,2,2,1],[10,5,3,3,
1,1],[10,5,3,3,2],[10,5,4,1,1,1,1],[10,5,4,2,1,1],[10,5,4,2,2],[10,5,4,3,1],[
10,5,4,4],[10,5,5,1,1,1],[10,5,5,2,1],[10,5,5,3],[10,6,2,2,1,1,1],[10,6,2,2,2,
1],[10,6,3,1,1,1,1],[10,6,3,2,1,1],[10,6,3,2,2],[10,6,3,3,1],[10,6,4,1,1,1],[
10,6,4,2,1],[10,6,4,3],[10,6,5,1,1],[10,6,5,2],[10,6,6,1],[10,7,2,1,1,1,1],[
10,7,2,2,1,1],[10,7,2,2,2],[10,7,3,1,1,1],[10,7,3,2,1],[10,7,3,3],[10,7,4,1,
1],[10,7,4,2],[10,7,5,1],[10,7,6],[10,8,2,1,1,1],[10,8,2,2,1],[10,8,3,1,1],[
10,8,3,2],[10,8,4,1],[10,8,5],[10,9,1,1,1,1],[10,9,2,1,1],[10,9,2,2],[10,9,3,
1],[10,9,4],[10,10,1,1,1],[10,10,2,1],[10,10,3],[11,2,2,2,2,1,1,1,1],[11,3,2,
2,2,1,1,1],[11,3,2,2,2,2,1],[11,3,3,2,1,1,1,1],[11,3,3,2,2,1,1],[11,3,3,2,2,
2],[11,3,3,3,1,1,1],[11,3,3,3,2,1],[11,3,3,3,3],[11,4,2,2,1,1,1,1],[11,4,2,2,
2,1,1],[11,4,2,2,2,2],[11,4,3,2,1,1,1],[11,4,3,2,2,1],[11,4,3,3,1,1],[11,4,3,
3,2],[11,4,4,1,1,1,1],[11,4,4,2,1,1],[11,4,4,2,2],[11,4,4,3,1],[11,4,4,4],[11,
5,2,2,1,1,1],[11,5,2,2,2,1],[11,5,3,1,1,1,1],[11,5,3,2,1,1],[11,5,3,2,2],[11,
5,3,3,1],[11,5,4,1,1,1],[11,5,4,2,1],[11,5,4,3],[11,5,5,1,1],[11,5,5,2],[11,6,
2,1,1,1,1],[11,6,2,2,1,1],[11,6,2,2,2],[11,6,3,1,1,1],[11,6,3,2,1],[11,6,3,
3],[11,6,4,1,1],[11,6,4,2],[11,6,5,1],[11,6,6],[11,7,2,1,1,1],[11,7,2,2,1],[
11,7,3,1,1],[11,7,3,2],[11,7,4,1],[11,7,5],[11,8,1,1,1,1],[11,8,2,1,1],[11,8,
2,2],[11,8,3,1],[11,8,4],[11,9,1,1,1],[11,9,2,1],[11,9,3],[11,10,1,1],[11,10,
2],[11,11,1],[12,2,2,2,2,1,1,1],[12,3,2,2,1,1,1,1],[12,3,2,2,2,1,1],[12,3,2,2,
2,2],[12,3,3,2,1,1,1],[12,3,3,2,2,1],[12,3,3,3,1,1],[12,3,3,3,2],[12,4,2,2,1,
1,1],[12,4,2,2,2,1],[12,4,3,1,1,1,1],[12,4,3,2,1,1],[12,4,3,2,2],[12,4,3,3,
1],[12,4,4,1,1,1],[12,4,4,2,1],[12,4,4,3],[12,5,2,1,1,1,1],[12,5,2,2,1,1],[12,
5,2,2,2],[12,5,3,1,1,1],[12,5,3,2,1],[12,5,3,3],[12,5,4,1,1],[12,5,4,2],[12,5,
5,1],[12,6,2,1,1,1],[12,6,2,2,1],[12,6,3,1,1],[12,6,3,2],[12,6,4,1],[12,6,5],[
12,7,1,1,1,1],[12,7,2,1,1],[12,7,2,2],[12,7,3,1],[12,7,4],[12,8,1,1,1],[12,8,
2,1],[12,8,3],[12,9,1,1],[12,9,2],[12,10,1],[12,11],[13,2,2,2,1,1,1,1],[13,2,
2,2,2,1,1],[13,3,2,2,1,1,1],[13,3,2,2,2,1],[13,3,3,1,1,1,1],[13,3,3,2,1,1],[
13,3,3,2,2],[13,3,3,3,1],[13,4,2,1,1,1,1],[13,4,2,2,1,1],[13,4,2,2,2],[13,4,3,
1,1,1],[13,4,3,2,1],[13,4,3,3],[13,4,4,1,1],[13,4,4,2],[13,5,2,1,1,1],[13,5,2,
2,1],[13,5,3,1,1],[13,5,3,2],[13,5,4,1],[13,5,5],[13,6,1,1,1,1],[13,6,2,1,1],[
13,6,2,2],[13,6,3,1],[13,6,4],[13,7,1,1,1],[13,7,2,1],[13,7,3],[13,8,1,1],[13,
8,2],[13,9,1],[13,10],[14,2,2,2,1,1,1],[14,2,2,2,2,1],[14,3,2,1,1,1,1],[14,3,
2,2,1,1],[14,3,2,2,2],[14,3,3,1,1,1],[14,3,3,2,1],[14,3,3,3],[14,4,2,1,1,1],[
14,4,2,2,1],[14,4,3,1,1],[14,4,3,2],[14,4,4,1],[14,5,1,1,1,1],[14,5,2,1,1],[
14,5,2,2],[14,5,3,1],[14,5,4],[14,6,1,1,1],[14,6,2,1],[14,6,3],[14,7,1,1],[14,
7,2],[14,8,1],[14,9],[15,2,2,1,1,1,1],[15,2,2,2,1,1],[15,2,2,2,2],[15,3,2,1,1,
1],[15,3,2,2,1],[15,3,3,1,1],[15,3,3,2],[15,4,1,1,1,1],[15,4,2,1,1],[15,4,2,
2],[15,4,3,1],[15,4,4],[15,5,1,1,1],[15,5,2,1],[15,5,3],[15,6,1,1],[15,6,2],[
15,7,1],[15,8],[16,2,2,1,1,1],[16,2,2,2,1],[16,3,1,1,1,1],[16,3,2,1,1],[16,3,
2,2],[16,3,3,1],[16,4,1,1,1],[16,4,2,1],[16,4,3],[16,5,1,1],[16,5,2],[16,6,
1],[16,7],[17,2,1,1,1,1],[17,2,2,1,1],[17,2,2,2],[17,3,1,1,1],[17,3,2,1],[17,
3,3],[17,4,1,1],[17,4,2],[17,5,1],[17,6],[18,2,1,1,1],[18,2,2,1],[18,3,1,1],[
18,3,2],[18,4,1],[18,5],[19,1,1,1,1],[19,2,1,1],[19,2,2],[19,3,1],[19,4],[20,
1,1,1],[20,2,1],[20,3],[21,1,1],[21,2],[22,1],[23]]);
