## This is a GAP library file generated by 
## SPECHT version 2.0, (C) Andrew Mathas 1996.

## This file contains the decomposition matrix
## of the symmetric group Sym(16) over a field
## of characteristic 5.

A_Specht_Decomposition_Matrix:=rec(
d:=[[1,1,1,14,15,20],[1,1,1,7,19,21],[1,1,1,1,1,1,6,8,13,16,24,25],[1,1,1,1,
18,22,23,26],[1,1,1,5,9,27],[1,1,12,28],[1,1,1,1,17,18,26,29],[1,35],[1,1,1,1,
34,36,40,41],[1,1,1,1,19,21,39,42],[1,44],[1,1,1,1,1,1,1,1,13,16,24,25,33,37,
43,45],[1,1,38,46],[1,1,1,1,4,5,27,47],[1,1,1,1,1,1,1,1,11,13,25,30,32,33,45,
48],[1,1,1,1,31,34,41,49],[1,1,1,40,41,52],[1,1,1,20,51,53],[1,1,50,54],[1,1,
1,1,1,1,24,25,43,45,55,56],[1,57],[1,1,1,1,1,1,1,1,1,1,3,6,11,13,24,25,45,48,
56,58],[1,1,1,1,1,10,14,20,53,59],[1,1,1,23,26,60],[1,1,46,61],[1,1,54,62],[1,
1,1,1,2,19,42,63],[1,1,1,1,1,1,1,1,1,3,13,24,37,45,58,64],[1,1,68,69],[1,73],[
1,1,1,1,67,70,72,74],[1,1,1,1,39,42,71,75],[1,1,1,1,27,47,76,77],[1,1,1,1,1,1,
32,33,45,48,66,78],[1,1,1,47,77,79],[1,1,1,1,65,67,74,80],[1,1,1,1,72,74,82,
83],[1,1,1,1,51,53,81,84],[1,1,28,85],[1,1,1,1,1,1,45,48,56,58,78,86],[1,1,1,
1,53,59,84,87],[1,1,1,1,74,80,83,88],[1,1,1,1,26,29,60,89],[1,1,1,1,42,63,75,
90],[1,1,1,1,70,74,88,91],[1,1,1,82,83,93],[1,1,1,52,92,94],[1,95],[1,1,1,1,1,
1,1,1,25,30,45,48,55,56,86,96],[1,1,1,1,1,41,49,52,94,97],[1,1,69,98],[1,1,1,
1,21,42,90,99],[1,1,1,1,36,41,97,100],[1,1,1,1,1,15,20,53,87,101],[1,105],[1,
1,104,106],[1,1,1,1,76,77,109,110],[1,1,1,1,1,1,1,1,1,1,33,37,43,45,66,78,103,
107,108,111],[1,112],[1,113],[1,1,1,1,1,1,66,78,102,103,111,114],[1,1,1,1,77,
79,110,115],[1,1,85,117],[1,1,1,1,1,1,1,1,1,1,43,45,55,56,78,86,108,111,116,
118],[1,1,1,84,87,119],[1,120],[1,1,1,1,1,1,78,86,111,114,118,121],[1,1,106,
122],[1,1,1,1,22,26,89,123],[1,1,1,1,1,1,1,1,1,1,37,45,58,64,78,86,107,111,
121,124],[1,1,1,1,1,1,1,1,55,56,86,96,116,118,125,126],[1,1,1,94,97,127],[1,1,
1,1,1,1,86,96,118,121,126,128],[1,129],[1,1,1,1,1,1,1,1,1,1,16,25,37,45,86,96,
121,124,128,130],[1,1,1,1,1,1,1,1,1,1,1,1,8,16,24,25,45,56,78,86,114,121,130,
131],[1,1,1,1,1,1,56,58,86,125,126,132],[1,1,1,1,83,88,93,133],[1,1,98,134],[
1,1,122,135],[1,1,1,1,1,9,27,77,115,136],[1,1,1,1,109,110,139,140],[1,1,1,1,1,
1,103,107,108,111,138,141],[1,143],[1,1,142,144],[1,1,1,1,71,75,137,145],[1,
146],[1,1,144,147],[1,1,1,1,110,115,140,148],[1,1,1,1,60,89,149,150],[1,1,1,1,
75,90,145,151],[1,1,1,1,89,123,150,152],[1,1,1,1,1,1,107,111,121,124,141,
153],[1,1,1,123,152,154],[1,1,61,155],[1,1,1,1,90,99,151,156],[1,1,1,1,97,100,
127,157],[1,1,1,1,1,1,121,124,128,130,153,158],[1,1,147,159],[1,1,1,1,63,90,
156,160],[1,1,1,1,88,91,133,161],[1,1,1,1,115,136,148,162],[1,1,1,1,1,1,1,1,1,
1,58,64,86,121,124,126,128,132,158,163],[1,1,1,1,79,115,162,164],[1,1,117,
167],[1,1,1,1,1,1,1,1,108,111,116,118,138,141,166,168],[1,1,1,1,1,81,84,119,
165,169],[1,1,1,1,149,150,170,171],[1,1,1,145,151,172],[1,1,1,1,150,152,171,
173],[1,1,1,1,1,1,1,1,111,114,118,121,141,153,168,174],[1,175],[1,176],[1,1,1,
119,169,177],[1,178],[1,1,1,1,152,154,173,179],[1,1,62,180],[1,1,1,1,1,87,101,
119,177,181],[1,1,1,1,1,1,1,1,114,121,130,131,153,158,174,182],[1,1,1,1,59,87,
181,183],[1,1,1,1,80,88,161,184],[1,1,1,1,1,1,1,1,1,1,48,58,78,86,114,121,158,
163,182,185],[1,1,1,1,1,29,89,152,179,186],[1,1,1,1,1,1,1,1,116,118,125,126,
166,168,188,189],[1,1,1,1,1,92,94,127,187,190],[1,1,155,191],[1,1,1,1,151,156,
172,192],[1,1,1,1,127,157,190,193],[1,1,1,1,1,1,1,1,1,1,118,121,126,128,153,
158,168,174,189,194],[1,1,180,195],[1,1,1,177,181,196],[1,1,1,1,1,1,153,158,
174,182,194,197],[1,198],[1,1,1,157,193,199],[1,1,1,1,1,49,97,157,199,200],[1,
1,1,1,1,1,1,1,1,1,1,1,30,48,86,96,121,128,153,158,182,185,197,201],[1,1,1,1,1,
1,125,126,132,188,189,203],[1,1,1,1,93,133,202,204],[1,1,134,205],[1,1,1,1,
156,160,192,206],[1,1,1,1,133,161,204,207],[1,1,1,148,162,208],[1,1,1,1,181,
183,196,209],[1,1,1,1,161,184,207,210],[1,1,1,199,200,211],[1,1,1,184,210,
212],[1,1,1,1,1,1,96,126,128,203,213,214],[1,1,135,215],[1,1,1,1,1,1,1,1,1,1,
126,128,132,158,163,189,194,203,214,216],[1,1,1,1,162,164,208,217],[1,1,1,1,1,
1,1,1,158,163,182,185,194,197,216,218],[1,1,1,1,1,1,182,185,197,201,218,219],[
1,1,1,1,99,156,206,220],[1,1,1,1,1,1,128,130,158,214,216,221],[1,1,1,1,136,
162,217,222],[1,1,159,223],[1,1,1,179,186,224],[1,1,1,1,101,181,209,225],[1,1,
1,1,1,1,1,1,130,131,158,182,216,218,221,226],[1,1,1,1,154,179,224,227],[1,1,1,
1,1,100,157,199,211,228],[1,1,1,1,1,1,1,1,1,1,124,130,153,158,182,197,218,219,
226,229],[1,1,1,1,91,161,210,230],[1,1,1,1,1,1,1,1,64,124,158,163,197,218,229,
231]],rows:=[[1,1,1,1,1,1,1,1,1,1,1,1,1,1,1,1],[2,1,1,1,1,1,1,1,1,1,1,1,1,1,
1],[2,2,1,1,1,1,1,1,1,1,1,1,1,1],[2,2,2,1,1,1,1,1,1,1,1,1,1],[2,2,2,2,1,1,1,1,
1,1,1,1],[2,2,2,2,2,1,1,1,1,1,1],[2,2,2,2,2,2,1,1,1,1],[2,2,2,2,2,2,2,1,1],[2,
2,2,2,2,2,2,2],[3,1,1,1,1,1,1,1,1,1,1,1,1,1],[3,2,1,1,1,1,1,1,1,1,1,1,1],[3,2,
2,1,1,1,1,1,1,1,1,1],[3,2,2,2,1,1,1,1,1,1,1],[3,2,2,2,2,1,1,1,1,1],[3,2,2,2,2,
2,1,1,1],[3,2,2,2,2,2,2,1],[3,3,1,1,1,1,1,1,1,1,1,1],[3,3,2,1,1,1,1,1,1,1,1],[
3,3,2,2,1,1,1,1,1,1],[3,3,2,2,2,1,1,1,1],[3,3,2,2,2,2,1,1],[3,3,2,2,2,2,2],[3,
3,3,1,1,1,1,1,1,1],[3,3,3,2,1,1,1,1,1],[3,3,3,2,2,1,1,1],[3,3,3,2,2,2,1],[3,3,
3,3,1,1,1,1],[3,3,3,3,2,1,1],[3,3,3,3,2,2],[3,3,3,3,3,1],[4,1,1,1,1,1,1,1,1,1,
1,1,1],[4,2,1,1,1,1,1,1,1,1,1,1],[4,2,2,1,1,1,1,1,1,1,1],[4,2,2,2,1,1,1,1,1,
1],[4,2,2,2,2,1,1,1,1],[4,2,2,2,2,2,1,1],[4,2,2,2,2,2,2],[4,3,1,1,1,1,1,1,1,1,
1],[4,3,2,1,1,1,1,1,1,1],[4,3,2,2,1,1,1,1,1],[4,3,2,2,2,1,1,1],[4,3,2,2,2,2,
1],[4,3,3,1,1,1,1,1,1],[4,3,3,2,1,1,1,1],[4,3,3,2,2,1,1],[4,3,3,2,2,2],[4,3,3,
3,1,1,1],[4,3,3,3,2,1],[4,3,3,3,3],[4,4,1,1,1,1,1,1,1,1],[4,4,2,1,1,1,1,1,1],[
4,4,2,2,1,1,1,1],[4,4,2,2,2,1,1],[4,4,2,2,2,2],[4,4,3,1,1,1,1,1],[4,4,3,2,1,1,
1],[4,4,3,2,2,1],[4,4,3,3,1,1],[4,4,3,3,2],[4,4,4,1,1,1,1],[4,4,4,2,1,1],[4,4,
4,2,2],[4,4,4,3,1],[4,4,4,4],[5,1,1,1,1,1,1,1,1,1,1,1],[5,2,1,1,1,1,1,1,1,1,
1],[5,2,2,1,1,1,1,1,1,1],[5,2,2,2,1,1,1,1,1],[5,2,2,2,2,1,1,1],[5,2,2,2,2,2,
1],[5,3,1,1,1,1,1,1,1,1],[5,3,2,1,1,1,1,1,1],[5,3,2,2,1,1,1,1],[5,3,2,2,2,1,
1],[5,3,2,2,2,2],[5,3,3,1,1,1,1,1],[5,3,3,2,1,1,1],[5,3,3,2,2,1],[5,3,3,3,1,
1],[5,3,3,3,2],[5,4,1,1,1,1,1,1,1],[5,4,2,1,1,1,1,1],[5,4,2,2,1,1,1],[5,4,2,2,
2,1],[5,4,3,1,1,1,1],[5,4,3,2,1,1],[5,4,3,2,2],[5,4,3,3,1],[5,4,4,1,1,1],[5,4,
4,2,1],[5,4,4,3],[5,5,1,1,1,1,1,1],[5,5,2,1,1,1,1],[5,5,2,2,1,1],[5,5,2,2,2],[
5,5,3,1,1,1],[5,5,3,2,1],[5,5,3,3],[5,5,4,1,1],[5,5,4,2],[5,5,5,1],[6,1,1,1,1,
1,1,1,1,1,1],[6,2,1,1,1,1,1,1,1,1],[6,2,2,1,1,1,1,1,1],[6,2,2,2,1,1,1,1],[6,2,
2,2,2,1,1],[6,2,2,2,2,2],[6,3,1,1,1,1,1,1,1],[6,3,2,1,1,1,1,1],[6,3,2,2,1,1,
1],[6,3,2,2,2,1],[6,3,3,1,1,1,1],[6,3,3,2,1,1],[6,3,3,2,2],[6,3,3,3,1],[6,4,1,
1,1,1,1,1],[6,4,2,1,1,1,1],[6,4,2,2,1,1],[6,4,2,2,2],[6,4,3,1,1,1],[6,4,3,2,
1],[6,4,3,3],[6,4,4,1,1],[6,4,4,2],[6,5,1,1,1,1,1],[6,5,2,1,1,1],[6,5,2,2,1],[
6,5,3,1,1],[6,5,3,2],[6,5,4,1],[6,5,5],[6,6,1,1,1,1],[6,6,2,1,1],[6,6,2,2],[6,
6,3,1],[6,6,4],[7,1,1,1,1,1,1,1,1,1],[7,2,1,1,1,1,1,1,1],[7,2,2,1,1,1,1,1],[7,
2,2,2,1,1,1],[7,2,2,2,2,1],[7,3,1,1,1,1,1,1],[7,3,2,1,1,1,1],[7,3,2,2,1,1],[7,
3,2,2,2],[7,3,3,1,1,1],[7,3,3,2,1],[7,3,3,3],[7,4,1,1,1,1,1],[7,4,2,1,1,1],[7,
4,2,2,1],[7,4,3,1,1],[7,4,3,2],[7,4,4,1],[7,5,1,1,1,1],[7,5,2,1,1],[7,5,2,2],[
7,5,3,1],[7,5,4],[7,6,1,1,1],[7,6,2,1],[7,6,3],[7,7,1,1],[7,7,2],[8,1,1,1,1,1,
1,1,1],[8,2,1,1,1,1,1,1],[8,2,2,1,1,1,1],[8,2,2,2,1,1],[8,2,2,2,2],[8,3,1,1,1,
1,1],[8,3,2,1,1,1],[8,3,2,2,1],[8,3,3,1,1],[8,3,3,2],[8,4,1,1,1,1],[8,4,2,1,
1],[8,4,2,2],[8,4,3,1],[8,4,4],[8,5,1,1,1],[8,5,2,1],[8,5,3],[8,6,1,1],[8,6,
2],[8,7,1],[8,8],[9,1,1,1,1,1,1,1],[9,2,1,1,1,1,1],[9,2,2,1,1,1],[9,2,2,2,1],[
9,3,1,1,1,1],[9,3,2,1,1],[9,3,2,2],[9,3,3,1],[9,4,1,1,1],[9,4,2,1],[9,4,3],[9,
5,1,1],[9,5,2],[9,6,1],[9,7],[10,1,1,1,1,1,1],[10,2,1,1,1,1],[10,2,2,1,1],[10,
2,2,2],[10,3,1,1,1],[10,3,2,1],[10,3,3],[10,4,1,1],[10,4,2],[10,5,1],[10,6],[
11,1,1,1,1,1],[11,2,1,1,1],[11,2,2,1],[11,3,1,1],[11,3,2],[11,4,1],[11,5],[12,
1,1,1,1],[12,2,1,1],[12,2,2],[12,3,1],[12,4],[13,1,1,1],[13,2,1],[13,3],[14,1,
1],[14,2],[15,1],[16]],cols:=[[3,3,2,2,2,1,1,1,1],[3,3,2,2,2,2,1,1],[3,3,3,2,
2,1,1,1],[3,3,3,2,2,2,1],[3,3,3,3,1,1,1,1],[3,3,3,3,2,1,1],[3,3,3,3,2,2],[4,2,
2,2,2,1,1,1,1],[4,3,2,2,2,1,1,1],[4,3,2,2,2,2,1],[4,3,3,2,1,1,1,1],[4,3,3,2,2,
1,1],[4,3,3,2,2,2],[4,3,3,3,1,1,1],[4,3,3,3,2,1],[4,3,3,3,3],[4,4,2,2,1,1,1,
1],[4,4,2,2,2,1,1],[4,4,2,2,2,2],[4,4,3,2,1,1,1],[4,4,3,2,2,1],[4,4,3,3,1,1],[
4,4,3,3,2],[4,4,4,1,1,1,1],[4,4,4,2,1,1],[4,4,4,2,2],[4,4,4,3,1],[4,4,4,4],[5,
2,2,2,2,1,1,1],[5,3,2,2,1,1,1,1],[5,3,2,2,2,1,1],[5,3,2,2,2,2],[5,3,3,2,1,1,
1],[5,3,3,2,2,1],[5,3,3,3,1,1],[5,3,3,3,2],[5,4,2,2,1,1,1],[5,4,2,2,2,1],[5,4,
3,1,1,1,1],[5,4,3,2,1,1],[5,4,3,2,2],[5,4,3,3,1],[5,4,4,1,1,1],[5,4,4,2,1],[5,
4,4,3],[5,5,2,1,1,1,1],[5,5,2,2,1,1],[5,5,2,2,2],[5,5,3,1,1,1],[5,5,3,2,1],[5,
5,3,3],[5,5,4,1,1],[5,5,4,2],[5,5,5,1],[6,2,2,2,1,1,1,1],[6,2,2,2,2,1,1],[6,3,
2,2,1,1,1],[6,3,2,2,2,1],[6,3,3,1,1,1,1],[6,3,3,2,1,1],[6,3,3,2,2],[6,3,3,3,
1],[6,4,2,1,1,1,1],[6,4,2,2,1,1],[6,4,2,2,2],[6,4,3,1,1,1],[6,4,3,2,1],[6,4,3,
3],[6,4,4,1,1],[6,4,4,2],[6,5,2,1,1,1],[6,5,2,2,1],[6,5,3,1,1],[6,5,3,2],[6,5,
4,1],[6,5,5],[6,6,1,1,1,1],[6,6,2,1,1],[6,6,2,2],[6,6,3,1],[6,6,4],[7,2,2,2,1,
1,1],[7,2,2,2,2,1],[7,3,2,1,1,1,1],[7,3,2,2,1,1],[7,3,2,2,2],[7,3,3,1,1,1],[7,
3,3,2,1],[7,3,3,3],[7,4,2,1,1,1],[7,4,2,2,1],[7,4,3,1,1],[7,4,3,2],[7,4,4,1],[
7,5,1,1,1,1],[7,5,2,1,1],[7,5,2,2],[7,5,3,1],[7,5,4],[7,6,1,1,1],[7,6,2,1],[7,
6,3],[7,7,1,1],[7,7,2],[8,2,2,1,1,1,1],[8,2,2,2,1,1],[8,2,2,2,2],[8,3,2,1,1,
1],[8,3,2,2,1],[8,3,3,1,1],[8,3,3,2],[8,4,1,1,1,1],[8,4,2,1,1],[8,4,2,2],[8,4,
3,1],[8,4,4],[8,5,1,1,1],[8,5,2,1],[8,5,3],[8,6,1,1],[8,6,2],[8,7,1],[8,8],[9,
2,2,1,1,1],[9,2,2,2,1],[9,3,1,1,1,1],[9,3,2,1,1],[9,3,2,2],[9,3,3,1],[9,4,1,1,
1],[9,4,2,1],[9,4,3],[9,5,1,1],[9,5,2],[9,6,1],[9,7],[10,2,1,1,1,1],[10,2,2,1,
1],[10,2,2,2],[10,3,1,1,1],[10,3,2,1],[10,3,3],[10,4,1,1],[10,4,2],[10,5,1],[
10,6],[11,2,1,1,1],[11,2,2,1],[11,3,1,1],[11,3,2],[11,4,1],[11,5],[12,1,1,1,
1],[12,2,1,1],[12,2,2],[12,3,1],[12,4],[13,1,1,1],[13,2,1],[13,3],[14,1,1],[
14,2],[15,1],[16]]);
