## This is a GAP library file generated by 
## SPECHT version 2.0, (C) Andrew Mathas 1996.

## This file contains the decomposition matrix
## of the symmetric group Sym(12) over a field
## of characteristic 5.

A_Specht_Decomposition_Matrix:=rec(
d:=[[1,5],[1,1,1,1,4,6,10,11],[1,1,9,12],[1,14],[1,1,1,1,3,7,13,15],[1,1,8,
16],[1,17],[1,1,1,1,2,3,15,18],[1,1,1,1,1,4,11,19],[1,1,1,10,11,22],[1,1,21,
23],[1,1,20,24],[1,1,1,1,13,15,25,26],[1,27],[1,1,1,1,15,18,26,28],[1,1,23,
29],[1,30],[1,1,16,31],[1,1,24,32],[1,1,12,33],[1,1,1,1,7,15,28,34],[1,1,1,22,
36,37],[1,1,35,38],[1,1,1,25,26,39],[1,40],[1,1,38,41],[1,1,1,1,1,11,19,22,37,
42],[1,1,31,43],[1,44],[1,1,1,1,6,11,42,45],[1,1,32,46],[1,1,41,47],[1,49],[1,
1,1,1,36,37,48,50],[1,51],[1,1,1,1,26,28,39,52],[1,1,1,1,37,42,50,53],[1,54],[
1,1,33,55],[1,1,1,1,42,45,53,56],[1,1,29,57],[1,1,1,1,19,42,56,58],[1,1,1,1,
39,52,59,60],[1,1,1,50,53,61],[1,1,1,52,60,62],[1,63],[1,1,1,1,1,28,34,52,62,
64],[1,1,1,1,18,28,64,65],[1,1,43,66],[1,1,55,67],[1,1,1,1,53,56,61,68],[1,1,
1,62,64,69],[1,70],[1,1,46,71],[1,1,57,72],[1,1,1,1,64,65,69,73],[1,1,47,74],[
1,1,1,1,56,58,68,75],[1,1,1,1,45,56,75,76],[1,1,1,1,34,64,73,77]],rows:=[[1,1,
1,1,1,1,1,1,1,1,1,1],[2,1,1,1,1,1,1,1,1,1,1],[2,2,1,1,1,1,1,1,1,1],[2,2,2,1,1,
1,1,1,1],[2,2,2,2,1,1,1,1],[2,2,2,2,2,1,1],[2,2,2,2,2,2],[3,1,1,1,1,1,1,1,1,
1],[3,2,1,1,1,1,1,1,1],[3,2,2,1,1,1,1,1],[3,2,2,2,1,1,1],[3,2,2,2,2,1],[3,3,1,
1,1,1,1,1],[3,3,2,1,1,1,1],[3,3,2,2,1,1],[3,3,2,2,2],[3,3,3,1,1,1],[3,3,3,2,
1],[3,3,3,3],[4,1,1,1,1,1,1,1,1],[4,2,1,1,1,1,1,1],[4,2,2,1,1,1,1],[4,2,2,2,1,
1],[4,2,2,2,2],[4,3,1,1,1,1,1],[4,3,2,1,1,1],[4,3,2,2,1],[4,3,3,1,1],[4,3,3,
2],[4,4,1,1,1,1],[4,4,2,1,1],[4,4,2,2],[4,4,3,1],[4,4,4],[5,1,1,1,1,1,1,1],[5,
2,1,1,1,1,1],[5,2,2,1,1,1],[5,2,2,2,1],[5,3,1,1,1,1],[5,3,2,1,1],[5,3,2,2],[5,
3,3,1],[5,4,1,1,1],[5,4,2,1],[5,4,3],[5,5,1,1],[5,5,2],[6,1,1,1,1,1,1],[6,2,1,
1,1,1],[6,2,2,1,1],[6,2,2,2],[6,3,1,1,1],[6,3,2,1],[6,3,3],[6,4,1,1],[6,4,2],[
6,5,1],[6,6],[7,1,1,1,1,1],[7,2,1,1,1],[7,2,2,1],[7,3,1,1],[7,3,2],[7,4,1],[7,
5],[8,1,1,1,1],[8,2,1,1],[8,2,2],[8,3,1],[8,4],[9,1,1,1],[9,2,1],[9,3],[10,1,
1],[10,2],[11,1],[12]],cols:=[[2,2,2,2,1,1,1,1],[3,2,2,2,1,1,1],[3,2,2,2,2,
1],[3,3,2,1,1,1,1],[3,3,2,2,1,1],[3,3,2,2,2],[3,3,3,1,1,1],[3,3,3,2,1],[3,3,3,
3],[4,2,2,1,1,1,1],[4,2,2,2,1,1],[4,2,2,2,2],[4,3,2,1,1,1],[4,3,2,2,1],[4,3,3,
1,1],[4,3,3,2],[4,4,1,1,1,1],[4,4,2,1,1],[4,4,2,2],[4,4,3,1],[4,4,4],[5,2,2,1,
1,1],[5,2,2,2,1],[5,3,1,1,1,1],[5,3,2,1,1],[5,3,2,2],[5,3,3,1],[5,4,1,1,1],[5,
4,2,1],[5,4,3],[5,5,1,1],[5,5,2],[6,2,1,1,1,1],[6,2,2,1,1],[6,2,2,2],[6,3,1,1,
1],[6,3,2,1],[6,3,3],[6,4,1,1],[6,4,2],[6,5,1],[6,6],[7,2,1,1,1],[7,2,2,1],[7,
3,1,1],[7,3,2],[7,4,1],[7,5],[8,1,1,1,1],[8,2,1,1],[8,2,2],[8,3,1],[8,4],[9,1,
1,1],[9,2,1],[9,3],[10,1,1],[10,2],[11,1],[12]]);
