## This is a GAP library file generated by 
## SPECHT version 2.0, (C) Andrew Mathas 1996.

## This file contains the decomposition matrix
## of the symmetric group Sym(11) over a field
## of characteristic 5.

A_Specht_Decomposition_Matrix:=rec(
d:=[[1,1,4,5],[1,9],[1,1,1,1,3,6,8,10],[1,1,7,11],[1,1,12,13],[1,1,2,14],[1,1,
13,15],[1,1,1,1,1,3,10,16],[1,1,1,1,8,10,18,19],[1,1,17,20],[1,21],[1,1,14,
22],[1,1,20,23],[1,1,1,1,10,16,19,24],[1,25],[1,1,11,26],[1,1,1,1,6,10,24,
27],[1,1,1,18,19,29],[1,1,28,30],[1,31],[1,1,22,32],[1,1,30,33],[1,1,5,34],[1,
1,26,35],[1,1,33,36],[1,1,23,37],[1,1,1,29,38,39],[1,40],[1,1,1,1,1,19,24,29,
39,41],[1,1,34,42],[1,1,1,1,24,27,41,43],[1,1,1,1,16,24,43,44],[1,1,32,45],[1,
1,1,39,41,46],[1,1,42,47],[1,48],[1,1,15,49],[1,1,35,50],[1,1,1,1,41,43,46,
51],[1,1,49,52],[1,1,37,53],[1,1,1,1,43,44,51,54],[1,1,36,55],[1,1,1,1,27,43,
54,56]],rows:=[[1,1,1,1,1,1,1,1,1,1,1],[2,1,1,1,1,1,1,1,1,1],[2,2,1,1,1,1,1,1,
1],[2,2,2,1,1,1,1,1],[2,2,2,2,1,1,1],[2,2,2,2,2,1],[3,1,1,1,1,1,1,1,1],[3,2,1,
1,1,1,1,1],[3,2,2,1,1,1,1],[3,2,2,2,1,1],[3,2,2,2,2],[3,3,1,1,1,1,1],[3,3,2,1,
1,1],[3,3,2,2,1],[3,3,3,1,1],[3,3,3,2],[4,1,1,1,1,1,1,1],[4,2,1,1,1,1,1],[4,2,
2,1,1,1],[4,2,2,2,1],[4,3,1,1,1,1],[4,3,2,1,1],[4,3,2,2],[4,3,3,1],[4,4,1,1,
1],[4,4,2,1],[4,4,3],[5,1,1,1,1,1,1],[5,2,1,1,1,1],[5,2,2,1,1],[5,2,2,2],[5,3,
1,1,1],[5,3,2,1],[5,3,3],[5,4,1,1],[5,4,2],[5,5,1],[6,1,1,1,1,1],[6,2,1,1,1],[
6,2,2,1],[6,3,1,1],[6,3,2],[6,4,1],[6,5],[7,1,1,1,1],[7,2,1,1],[7,2,2],[7,3,
1],[7,4],[8,1,1,1],[8,2,1],[8,3],[9,1,1],[9,2],[10,1],[11]],cols:=[[2,2,2,2,1,
1,1],[3,2,2,1,1,1,1],[3,2,2,2,1,1],[3,2,2,2,2],[3,3,2,1,1,1],[3,3,2,2,1],[3,3,
3,1,1],[3,3,3,2],[4,2,2,1,1,1],[4,2,2,2,1],[4,3,1,1,1,1],[4,3,2,1,1],[4,3,2,
2],[4,3,3,1],[4,4,1,1,1],[4,4,2,1],[4,4,3],[5,2,1,1,1,1],[5,2,2,1,1],[5,2,2,
2],[5,3,1,1,1],[5,3,2,1],[5,3,3],[5,4,1,1],[5,4,2],[5,5,1],[6,2,1,1,1],[6,2,2,
1],[6,3,1,1],[6,3,2],[6,4,1],[6,5],[7,1,1,1,1],[7,2,1,1],[7,2,2],[7,3,1],[7,
4],[8,1,1,1],[8,2,1],[8,3],[9,1,1],[9,2],[10,1],[11]]);
