## This is a GAP library file generated by 
## SPECHT version 2.0, (C) Andrew Mathas 1996.

## This file contains the decomposition matrix
## of the symmetric group Sym(14) over a field
## of characteristic 5.

A_Specht_Decomposition_Matrix:=rec(
d:=[[1,1,1,6,12,13],[1,1,1,5,7,17],[1,1,1,1,11,14,16,18],[1,1,15,19],[1,1,1,1,
4,8,20,21],[1,1,10,22],[1,1,1,1,3,4,21,23],[1,1,1,1,9,11,18,24],[1,28],[1,1,1,
1,12,13,27,29],[1,1,1,17,32,33],[1,1,1,1,26,30,31,34],[1,1,1,20,21,35],[1,
36],[1,1,1,1,25,26,34,37],[1,1,1,1,1,2,5,17,33,38],[1,1,1,16,18,40],[1,1,1,1,
31,34,39,41],[1,42],[1,1,22,43],[1,1,1,1,34,37,41,44],[1,1,1,1,1,12,29,45],[1,
1,19,46],[1,1,1,1,30,34,44,47],[1,1,50,51],[1,1,1,1,27,29,49,52],[1,54],[1,1,
1,1,32,33,53,55],[1,1,48,56],[1,1,1,1,21,23,35,57],[1,1,1,1,33,38,55,58],[1,1,
51,59],[1,1,1,40,60,61],[1,1,56,62],[1,1,1,1,1,18,24,40,61,63],[1,1,1,1,29,45,
52,64],[1,1,1,1,14,18,63,65],[1,1,1,39,41,66],[1,1,62,67],[1,68],[1,1,1,1,13,
29,64,69],[1,1,1,1,1,7,17,33,58,70],[1,73],[1,1,72,74],[1,1,1,1,49,52,71,75],[
1,1,1,1,35,57,76,77],[1,1,1,55,58,78],[1,1,1,57,77,79],[1,1,74,80],[1,1,43,
81],[1,1,1,61,63,82],[1,1,1,1,52,64,75,83],[1,84],[1,1,1,1,1,8,21,57,79,85],[
1,1,1,1,41,44,66,86],[1,1,1,1,64,69,83,87],[1,1,80,88],[1,1,1,1,45,64,87,89],[
1,1,59,90],[1,1,1,1,76,77,92,93],[1,1,1,1,1,53,55,78,91,94],[1,95],[1,96],[1,
1,1,78,94,97],[1,1,1,1,77,79,93,98],[1,1,46,99],[1,1,1,1,63,65,82,100],[1,1,1,
1,79,85,98,101],[1,1,1,1,44,47,86,102],[1,1,1,1,1,58,70,78,97,103],[1,1,1,1,
38,58,103,104],[1,1,1,1,1,23,57,79,101,105],[1,1,81,107],[1,1,1,1,1,60,61,82,
106,108],[1,1,1,75,83,109],[1,1,99,110],[1,1,1,1,82,100,108,111],[1,1,1,98,
101,112],[1,113],[1,1,1,100,111,114],[1,1,1,1,37,44,102,115],[1,1,1,1,1,24,63,
100,114,116],[1,1,1,1,66,86,117,118],[1,1,1,1,83,87,109,119],[1,1,1,1,86,102,
118,120],[1,1,1,97,103,121],[1,1,1,1,102,115,120,122],[1,1,1,115,122,123],[1,
1,67,124],[1,1,1,1,87,89,119,125],[1,1,90,126],[1,1,1,1,103,104,121,127],[1,1,
1,114,116,128],[1,1,1,1,69,87,125,129],[1,1,88,130],[1,1,1,1,101,105,112,
131],[1,1,1,1,70,103,127,132],[1,1,1,1,85,101,131,133],[1,1,1,1,1,65,100,114,
128,134],[1,1,1,1,47,102,122,135]],rows:=[[1,1,1,1,1,1,1,1,1,1,1,1,1,1],[2,1,
1,1,1,1,1,1,1,1,1,1,1],[2,2,1,1,1,1,1,1,1,1,1,1],[2,2,2,1,1,1,1,1,1,1,1],[2,2,
2,2,1,1,1,1,1,1],[2,2,2,2,2,1,1,1,1],[2,2,2,2,2,2,1,1],[2,2,2,2,2,2,2],[3,1,1,
1,1,1,1,1,1,1,1,1],[3,2,1,1,1,1,1,1,1,1,1],[3,2,2,1,1,1,1,1,1,1],[3,2,2,2,1,1,
1,1,1],[3,2,2,2,2,1,1,1],[3,2,2,2,2,2,1],[3,3,1,1,1,1,1,1,1,1],[3,3,2,1,1,1,1,
1,1],[3,3,2,2,1,1,1,1],[3,3,2,2,2,1,1],[3,3,2,2,2,2],[3,3,3,1,1,1,1,1],[3,3,3,
2,1,1,1],[3,3,3,2,2,1],[3,3,3,3,1,1],[3,3,3,3,2],[4,1,1,1,1,1,1,1,1,1,1],[4,2,
1,1,1,1,1,1,1,1],[4,2,2,1,1,1,1,1,1],[4,2,2,2,1,1,1,1],[4,2,2,2,2,1,1],[4,2,2,
2,2,2],[4,3,1,1,1,1,1,1,1],[4,3,2,1,1,1,1,1],[4,3,2,2,1,1,1],[4,3,2,2,2,1],[4,
3,3,1,1,1,1],[4,3,3,2,1,1],[4,3,3,2,2],[4,3,3,3,1],[4,4,1,1,1,1,1,1],[4,4,2,1,
1,1,1],[4,4,2,2,1,1],[4,4,2,2,2],[4,4,3,1,1,1],[4,4,3,2,1],[4,4,3,3],[4,4,4,1,
1],[4,4,4,2],[5,1,1,1,1,1,1,1,1,1],[5,2,1,1,1,1,1,1,1],[5,2,2,1,1,1,1,1],[5,2,
2,2,1,1,1],[5,2,2,2,2,1],[5,3,1,1,1,1,1,1],[5,3,2,1,1,1,1],[5,3,2,2,1,1],[5,3,
2,2,2],[5,3,3,1,1,1],[5,3,3,2,1],[5,3,3,3],[5,4,1,1,1,1,1],[5,4,2,1,1,1],[5,4,
2,2,1],[5,4,3,1,1],[5,4,3,2],[5,4,4,1],[5,5,1,1,1,1],[5,5,2,1,1],[5,5,2,2],[5,
5,3,1],[5,5,4],[6,1,1,1,1,1,1,1,1],[6,2,1,1,1,1,1,1],[6,2,2,1,1,1,1],[6,2,2,2,
1,1],[6,2,2,2,2],[6,3,1,1,1,1,1],[6,3,2,1,1,1],[6,3,2,2,1],[6,3,3,1,1],[6,3,3,
2],[6,4,1,1,1,1],[6,4,2,1,1],[6,4,2,2],[6,4,3,1],[6,4,4],[6,5,1,1,1],[6,5,2,
1],[6,5,3],[6,6,1,1],[6,6,2],[7,1,1,1,1,1,1,1],[7,2,1,1,1,1,1],[7,2,2,1,1,1],[
7,2,2,2,1],[7,3,1,1,1,1],[7,3,2,1,1],[7,3,2,2],[7,3,3,1],[7,4,1,1,1],[7,4,2,
1],[7,4,3],[7,5,1,1],[7,5,2],[7,6,1],[7,7],[8,1,1,1,1,1,1],[8,2,1,1,1,1],[8,2,
2,1,1],[8,2,2,2],[8,3,1,1,1],[8,3,2,1],[8,3,3],[8,4,1,1],[8,4,2],[8,5,1],[8,
6],[9,1,1,1,1,1],[9,2,1,1,1],[9,2,2,1],[9,3,1,1],[9,3,2],[9,4,1],[9,5],[10,1,
1,1,1],[10,2,1,1],[10,2,2],[10,3,1],[10,4],[11,1,1,1],[11,2,1],[11,3],[12,1,
1],[12,2],[13,1],[14]],cols:=[[3,2,2,2,2,1,1,1],[3,3,2,2,1,1,1,1],[3,3,2,2,2,
1,1],[3,3,2,2,2,2],[3,3,3,2,1,1,1],[3,3,3,2,2,1],[3,3,3,3,1,1],[3,3,3,3,2],[4,
2,2,2,1,1,1,1],[4,2,2,2,2,1,1],[4,3,2,2,1,1,1],[4,3,2,2,2,1],[4,3,3,1,1,1,1],[
4,3,3,2,1,1],[4,3,3,2,2],[4,3,3,3,1],[4,4,2,1,1,1,1],[4,4,2,2,1,1],[4,4,2,2,
2],[4,4,3,1,1,1],[4,4,3,2,1],[4,4,3,3],[4,4,4,1,1],[4,4,4,2],[5,2,2,2,1,1,1],[
5,2,2,2,2,1],[5,3,2,1,1,1,1],[5,3,2,2,1,1],[5,3,2,2,2],[5,3,3,1,1,1],[5,3,3,2,
1],[5,3,3,3],[5,4,2,1,1,1],[5,4,2,2,1],[5,4,3,1,1],[5,4,3,2],[5,4,4,1],[5,5,1,
1,1,1],[5,5,2,1,1],[5,5,2,2],[5,5,3,1],[5,5,4],[6,2,2,1,1,1,1],[6,2,2,2,1,1],[
6,2,2,2,2],[6,3,2,1,1,1],[6,3,2,2,1],[6,3,3,1,1],[6,3,3,2],[6,4,1,1,1,1],[6,4,
2,1,1],[6,4,2,2],[6,4,3,1],[6,4,4],[6,5,1,1,1],[6,5,2,1],[6,5,3],[6,6,1,1],[6,
6,2],[7,2,2,1,1,1],[7,2,2,2,1],[7,3,1,1,1,1],[7,3,2,1,1],[7,3,2,2],[7,3,3,1],[
7,4,1,1,1],[7,4,2,1],[7,4,3],[7,5,1,1],[7,5,2],[7,6,1],[7,7],[8,2,1,1,1,1],[8,
2,2,1,1],[8,2,2,2],[8,3,1,1,1],[8,3,2,1],[8,3,3],[8,4,1,1],[8,4,2],[8,5,1],[8,
6],[9,2,1,1,1],[9,2,2,1],[9,3,1,1],[9,3,2],[9,4,1],[9,5],[10,1,1,1,1],[10,2,1,
1],[10,2,2],[10,3,1],[10,4],[11,1,1,1],[11,2,1],[11,3],[12,1,1],[12,2],[13,
1],[14]]);
