MBT("2.Sym(8)",3,
"(no info text)",
[6,6,5,6,6],
[1,2],
[,[25,26,27,30]],
[[[1..3]]],
[,[[-1,0,1,0],[0,-1,1,0],[0,0,0,1],[1,1,-1,-1]]],
[["Sym(8)",0]],
0,
0,
rec(CharacterParameters:=[[1,[8]],[1,[7,1]],[1,[6,2]],[1,[6,1,1]],[1,[5,3]],[1
,[5,2,1]],[1,[4,4]],[1,[4,3,1]],[1,[4,2,2]],[1,[4,2,1,1]],[1,[3,3,2]],[1,[3,3,
1,1]],[1,[3,2,2,1]],[2,[[5,2,1],'+']],[2,[[5,2,1],'-']],[2,[[4,3,1],'0']],[2,[
[3,3,2],'+']],[2,[[3,3,2],'-']]]));

MBT("2.Sym(8)",5,
"(no info text)",
[12,11,11,12,11,11],
[1,1],
[],
[[[3,4],[3,5],[2,3],[1,3]],[[3,4],[1..3]]],
[],
[["Sym(8)",0]],
0,
0,
rec(CharacterParameters:=[[1,[8]],[1,[7,1]],[1,[6,2]],[1,[6,1,1]],[1,[5,3]],[1
,[5,2,1]],[1,[5,1,1,1]],[1,[4,4]],[1,[4,3,1]],[1,[4,2,2]],[1,[4,2,1,1]],[1,[4,
1,1,1,1]],[1,[3,3,2]],[1,[3,3,1,1]],[1,[3,2,2,1]],[1,[3,2,1,1,1]],[1,[2,2,2,2]
],[1,[2,2,2,1,1]],[1,[2,2,1,1,1,1]],[2,[[6,2],'0']],[2,[[5,3],'+']],[2,[[5,3],
'-']],[2,[[5,2,1],'0']],[2,[[4,3,1],'+']],[2,[[4,3,1],'-']]]));

MBT("2.Sym(8)",7,
"(no info text)",
[17,17,19,18,17,17,17,17],
[1,0,0],
[],
[[[5,6],[5,7],[4,5],[3,5],[2,3],[1,4]]],
[],
[["Sym(8)",0]],
0,
0,
rec(CharacterParameters:=[[1,[8]],[1,[7,1]],[1,[6,2]],[1,[6,1,1]],[1,[5,3]],[1
,[5,2,1]],[1,[5,1,1,1]],[1,[4,4]],[1,[4,3,1]],[1,[4,2,2]],[1,[4,2,1,1]],[1,[4,
1,1,1,1]],[1,[3,3,2]],[1,[3,3,1,1]],[1,[3,2,2,1]],[1,[3,2,1,1,1]],[1,[3,1,1,1,
1,1]],[1,[2,2,2,2]],[1,[2,2,2,1,1]],[1,[2,2,1,1,1,1]],[1,[2,1,1,1,1,1,1]],[2,[
[7,1],'+']],[2,[[7,1],'-']],[2,[[6,2],'0']],[2,[[5,3],'0']],[2,[[5,2,1],'+']],
[2,[[5,2,1],'-']],[2,[[4,3,1],'+']],[2,[[4,3,1],'-']]]));

