MBT("2.Sym(17)",3,
"(no info text)",
[9,10,10,9,10,10,10,10,9,9,10,10,9,9,10,10,9],
[6,5],
[[299,302,311,313,314,317,325],[301,304,305,306,324,327,332,333,345,352]],
[],
[[[1,0,0,0,-1,2,-2],[0,-1,2,-2,0,0,0],[2,-2,2,-1,-2,1,0],[0,1,-1,0,1,0,0],[1,0
,0,1,-2,1,-2],[1,-2,2,-1,-1,0,0],[-2,2,-2,1,2,-1,1]],[[0,0,1,-1,1,0,-1,-1,0,0]
,[0,1,0,-1,1,0,-1,-1,0,0],[1,-1,0,0,0,1,0,0,0,0],[0,1,0,0,0,-1,0,0,0,0],[0,1,1
,-2,1,0,-1,0,0,1],[0,0,0,0,0,0,1,0,0,-1],[0,0,0,0,0,0,0,0,1,0],[-1,1,1,-1,0,0,
-1,-1,-1,0],[0,0,0,0,0,0,0,0,0,1],[0,-1,-1,2,-1,0,1,1,0,-1]]],
[["Sym(17)",0]],
0,
0,
rec(CharacterParameters:=[[1,[17]],[1,[16,1]],[1,[15,2]],[1,[15,1,1]],[1,[14,3
]],[1,[14,2,1]],[1,[13,4]],[1,[13,3,1]],[1,[13,2,2]],[1,[13,2,1,1]],[1,[12,5]]
,[1,[12,4,1]],[1,[12,3,2]],[1,[12,3,1,1]],[1,[12,2,2,1]],[1,[11,6]],[1,[11,5,1
]],[1,[11,4,2]],[1,[11,4,1,1]],[1,[11,3,3]],[1,[11,3,2,1]],[1,[11,2,2,1,1]],[1
,[10,7]],[1,[10,6,1]],[1,[10,5,2]],[1,[10,5,1,1]],[1,[10,4,3]],[1,[10,4,2,1]],
[1,[10,3,3,1]],[1,[10,3,2,2]],[1,[10,3,2,1,1]],[1,[9,8]],[1,[9,7,1]],[1,[9,6,2
]],[1,[9,6,1,1]],[1,[9,5,3]],[1,[9,5,2,1]],[1,[9,4,4]],[1,[9,4,3,1]],[1,[9,4,2
,2]],[1,[9,4,2,1,1]],[1,[9,3,3,2]],[1,[9,3,3,1,1]],[1,[9,3,2,2,1]],[1,[8,8,1]]
,[1,[8,7,2]],[1,[8,7,1,1]],[1,[8,6,3]],[1,[8,6,2,1]],[1,[8,5,4]],[1,[8,5,3,1]]
,[1,[8,5,2,2]],[1,[8,5,2,1,1]],[1,[8,4,4,1]],[1,[8,4,3,2]],[1,[8,4,3,1,1]],[1,
[8,4,2,2,1]],[1,[8,3,3,2,1]],[1,[8,3,2,2,1,1]],[1,[7,7,3]],[1,[7,7,2,1]],[1,[7
,6,4]],[1,[7,6,3,1]],[1,[7,6,2,2]],[1,[7,6,2,1,1]],[1,[7,5,5]],[1,[7,5,4,1]],[
1,[7,5,3,2]],[1,[7,5,3,1,1]],[1,[7,5,2,2,1]],[1,[7,4,4,2]],[1,[7,4,4,1,1]],[1,
[7,4,3,3]],[1,[7,4,3,2,1]],[1,[7,4,2,2,1,1]],[1,[7,3,3,2,2]],[1,[7,3,3,2,1,1]]
,[1,[6,6,5]],[1,[6,6,4,1]],[1,[6,6,3,2]],[1,[6,6,3,1,1]],[1,[6,6,2,2,1]],[1,[6
,5,5,1]],[1,[6,5,4,2]],[1,[6,5,4,1,1]],[1,[6,5,3,3]],[1,[6,5,3,2,1]],[1,[6,5,2
,2,1,1]],[1,[6,4,4,3]],[1,[6,4,4,2,1]],[1,[6,4,3,3,1]],[1,[6,4,3,2,2]],[1,[6,4
,3,2,1,1]],[1,[6,3,3,2,2,1]],[1,[5,5,4,3]],[1,[5,5,4,2,1]],[1,[5,5,3,3,1]],[1,
[5,5,3,2,2]],[1,[5,5,3,2,1,1]],[1,[5,4,4,3,1]],[1,[5,4,4,2,2]],[1,[5,4,4,2,1,1
]],[1,[5,4,3,3,2]],[1,[5,4,3,3,1,1]],[1,[5,4,3,2,2,1]],[1,[5,3,3,2,2,1,1]],[1,
[4,4,3,3,2,1]],[1,[4,4,3,2,2,1,1]],[2,[[8,5,3,1],'0']],[2,[[7,5,4,1],'+']],[2,
[[7,5,4,1],'-']],[2,[[7,5,3,2],'0']],[2,[[7,4,3,2,1],'+']],[2,[[7,4,3,2,1],'-'
]],[2,[[6,6,4,1],'+']],[2,[[6,6,4,1],'-']],[2,[[6,5,4,2],'0']],[2,[[6,5,3,2,1]
,'0']],[2,[[6,4,3,3,1],'+']],[2,[[6,4,3,3,1],'-']],[2,[[5,4,3,3,2],'0']],[2,[[
5,3,3,3,2,1],'0']],[2,[[4,3,3,3,3,1],'+']],[2,[[4,3,3,3,3,1],'-']],[2,[[3,3,3,
3,3,2],'0']]]));

MBT("2.Sym(17)",5,
"(no info text)",
[27,27,28,29,29,28,29,29,28,30,27,27,29,29,30,29,29,28,27,27,28,28,28,27,27,28
,27,27,28,29,29,28],
[2,3,2,1],
[[298,306,307,314,315,331,334,338,339,352],[299,301,302,304,308,317,320,323,
324,332],[309,310,313,318,319,322,325,326,345,348]],
[,,,[[3,4],[1..3]]],
[[[0,0,0,0,0,0,0,1,0,0],[0,0,0,0,0,0,0,0,1,0],[1,-1,-1,1,1,0,-1,0,0,0],[0,0,0,
0,0,0,1,0,0,0],[1,-1,0,1,1,-1,0,1,1,0],[1,0,-1,1,1,-1,0,1,1,0],[0,0,0,0,0,0,0,
0,0,1],[-2,1,1,-1,-1,1,0,-1,-1,-1],[1,-1,0,0,1,0,-1,0,0,0],[0,1,0,0,-1,0,1,0,0
,0]],[[1,1,-2,1,0,1,1,-1,0,2],[-1,1,0,1,-2,0,-1,2,-2,0],[-1,2,-2,2,-1,1,0,0,0,
0],[1,-1,1,-2,1,0,0,0,0,0],[-1,1,-1,2,-1,0,-1,1,-1,0],[-1,3,-3,4,-2,2,0,0,-2,2
],[2,-1,0,-2,2,0,2,-2,2,0],[1,0,0,0,0,0,0,0,0,0],[0,-2,2,-2,1,-1,0,0,1,-1],[-1
,1,0,1,-1,0,-1,1,-1,0]],[[0,0,0,0,0,0,0,0,1,-1],[-1,-1,1,1,1,-1,2,2,-1,1],[0,1
,-1,-1,0,1,-1,-1,0,0],[1,0,-1,0,-1,1,-1,-1,0,0],[0,0,0,0,0,0,0,0,0,1],[0,0,0,
-1,-1,1,-1,-1,0,-1],[-1,0,1,1,1,-1,1,1,0,0],[0,-1,1,1,1,-1,1,1,0,0],[1,1,-1,-1
,-1,1,-1,-2,1,-1],[0,0,0,0,0,0,0,1,-1,1]]],
[["Sym(17)",0]],
0,
0,
rec(CharacterParameters:=[[1,[17]],[1,[16,1]],[1,[15,2]],[1,[15,1,1]],[1,[14,3
]],[1,[14,2,1]],[1,[14,1,1,1]],[1,[13,4]],[1,[13,3,1]],[1,[13,2,2]],[1,[13,2,1
,1]],[1,[13,1,1,1,1]],[1,[12,5]],[1,[12,4,1]],[1,[12,3,2]],[1,[12,3,1,1]],[1,[
12,2,2,1]],[1,[12,2,1,1,1]],[1,[11,6]],[1,[11,5,1]],[1,[11,4,2]],[1,[11,4,1,1]
],[1,[11,3,3]],[1,[11,3,2,1]],[1,[11,3,1,1,1]],[1,[11,2,2,2]],[1,[11,2,2,1,1]]
,[1,[11,2,1,1,1,1]],[1,[10,7]],[1,[10,6,1]],[1,[10,5,2]],[1,[10,5,1,1]],[1,[10
,4,3]],[1,[10,4,2,1]],[1,[10,4,1,1,1]],[1,[10,3,3,1]],[1,[10,3,2,2]],[1,[10,3,
2,1,1]],[1,[10,3,1,1,1,1]],[1,[10,2,2,2,1]],[1,[10,2,2,1,1,1]],[1,[9,8]],[1,[9
,7,1]],[1,[9,6,2]],[1,[9,6,1,1]],[1,[9,5,3]],[1,[9,5,2,1]],[1,[9,5,1,1,1]],[1,
[9,4,4]],[1,[9,4,3,1]],[1,[9,4,2,2]],[1,[9,4,2,1,1]],[1,[9,4,1,1,1,1]],[1,[9,3
,3,2]],[1,[9,3,3,1,1]],[1,[9,3,2,2,1]],[1,[9,3,2,1,1,1]],[1,[9,2,2,2,2]],[1,[9
,2,2,2,1,1]],[1,[9,2,2,1,1,1,1]],[1,[8,8,1]],[1,[8,7,2]],[1,[8,7,1,1]],[1,[8,6
,3]],[1,[8,6,2,1]],[1,[8,6,1,1,1]],[1,[8,5,4]],[1,[8,5,3,1]],[1,[8,5,2,2]],[1,
[8,5,2,1,1]],[1,[8,5,1,1,1,1]],[1,[8,4,4,1]],[1,[8,4,3,2]],[1,[8,4,3,1,1]],[1,
[8,4,2,2,1]],[1,[8,4,2,1,1,1]],[1,[8,3,3,3]],[1,[8,3,3,2,1]],[1,[8,3,3,1,1,1]]
,[1,[8,3,2,2,2]],[1,[8,3,2,2,1,1]],[1,[8,3,2,1,1,1,1]],[1,[8,2,2,2,2,1]],[1,[8
,2,2,2,1,1,1]],[1,[7,7,3]],[1,[7,7,2,1]],[1,[7,7,1,1,1]],[1,[7,6,4]],[1,[7,6,3
,1]],[1,[7,6,2,2]],[1,[7,6,2,1,1]],[1,[7,6,1,1,1,1]],[1,[7,5,5]],[1,[7,5,4,1]]
,[1,[7,5,3,2]],[1,[7,5,3,1,1]],[1,[7,5,2,2,1]],[1,[7,5,2,1,1,1]],[1,[7,4,4,2]]
,[1,[7,4,4,1,1]],[1,[7,4,3,3]],[1,[7,4,3,2,1]],[1,[7,4,3,1,1,1]],[1,[7,4,2,2,2
]],[1,[7,4,2,2,1,1]],[1,[7,4,2,1,1,1,1]],[1,[7,3,3,3,1]],[1,[7,3,3,2,2]],[1,[7
,3,3,2,1,1]],[1,[7,3,3,1,1,1,1]],[1,[7,3,2,2,2,1]],[1,[7,3,2,2,1,1,1]],[1,[7,2
,2,2,2,1,1]],[1,[7,2,2,2,1,1,1,1]],[1,[6,6,5]],[1,[6,6,4,1]],[1,[6,6,3,2]],[1,
[6,6,3,1,1]],[1,[6,6,2,2,1]],[1,[6,6,2,1,1,1]],[1,[6,5,5,1]],[1,[6,5,4,2]],[1,
[6,5,4,1,1]],[1,[6,5,3,3]],[1,[6,5,3,2,1]],[1,[6,5,3,1,1,1]],[1,[6,5,2,2,2]],[
1,[6,5,2,2,1,1]],[1,[6,5,2,1,1,1,1]],[1,[6,4,4,3]],[1,[6,4,4,2,1]],[1,[6,4,4,1
,1,1]],[1,[6,4,3,3,1]],[1,[6,4,3,2,2]],[1,[6,4,3,2,1,1]],[1,[6,4,3,1,1,1,1]],[
1,[6,4,2,2,2,1]],[1,[6,4,2,2,1,1,1]],[1,[6,3,3,3,2]],[1,[6,3,3,3,1,1]],[1,[6,3
,3,2,2,1]],[1,[6,3,3,2,1,1,1]],[1,[6,3,2,2,2,2]],[1,[6,3,2,2,2,1,1]],[1,[6,3,2
,2,1,1,1,1]],[1,[6,2,2,2,2,1,1,1]],[1,[5,5,5,2]],[1,[5,5,5,1,1]],[1,[5,5,4,3]]
,[1,[5,5,4,2,1]],[1,[5,5,4,1,1,1]],[1,[5,5,3,3,1]],[1,[5,5,3,2,2]],[1,[5,5,3,2
,1,1]],[1,[5,5,3,1,1,1,1]],[1,[5,5,2,2,2,1]],[1,[5,5,2,2,1,1,1]],[1,[5,4,4,4]]
,[1,[5,4,4,3,1]],[1,[5,4,4,2,2]],[1,[5,4,4,2,1,1]],[1,[5,4,4,1,1,1,1]],[1,[5,4
,3,3,2]],[1,[5,4,3,3,1,1]],[1,[5,4,3,2,2,1]],[1,[5,4,3,2,1,1,1]],[1,[5,4,2,2,2
,2]],[1,[5,4,2,2,2,1,1]],[1,[5,4,2,2,1,1,1,1]],[1,[5,3,3,3,3]],[1,[5,3,3,3,2,1
]],[1,[5,3,3,3,1,1,1]],[1,[5,3,3,2,2,2]],[1,[5,3,3,2,2,1,1]],[1,[5,3,3,2,1,1,1
,1]],[1,[5,3,2,2,2,2,1]],[1,[5,3,2,2,2,1,1,1]],[1,[5,2,2,2,2,1,1,1,1]],[1,[4,4
,4,4,1]],[1,[4,4,4,3,2]],[1,[4,4,4,3,1,1]],[1,[4,4,4,2,2,1]],[1,[4,4,4,2,1,1,1
]],[1,[4,4,3,3,3]],[1,[4,4,3,3,2,1]],[1,[4,4,3,3,1,1,1]],[1,[4,4,3,2,2,2]],[1,
[4,4,3,2,2,1,1]],[1,[4,4,3,2,1,1,1,1]],[1,[4,4,2,2,2,2,1]],[1,[4,4,2,2,2,1,1,1
]],[1,[4,3,3,3,3,1]],[1,[4,3,3,3,2,2]],[1,[4,3,3,3,2,1,1]],[1,[4,3,3,3,1,1,1,1
]],[1,[4,3,3,2,2,2,1]],[1,[4,3,3,2,2,1,1,1]],[1,[4,3,2,2,2,2,1,1]],[1,[4,3,2,2
,2,1,1,1,1]],[1,[3,3,3,3,2,2,1]],[1,[3,3,3,3,2,1,1,1]],[1,[3,3,3,2,2,2,2]],[1,
[3,3,3,2,2,2,1,1]],[1,[3,3,3,2,2,1,1,1,1]],[1,[3,3,2,2,2,2,1,1,1]],[2,[[10,6,1
],'+']],[2,[[10,6,1],'-']],[2,[[9,6,2],'0']],[2,[[9,5,3],'+']],[2,[[9,5,3],'-'
]],[2,[[9,5,2,1],'0']],[2,[[9,4,3,1],'+']],[2,[[9,4,3,1],'-']],[2,[[8,7,2],'0'
]],[2,[[8,6,3],'0']],[2,[[8,6,2,1],'+']],[2,[[8,6,2,1],'-']],[2,[[8,5,4],'+']]
,[2,[[8,5,4],'-']],[2,[[8,5,3,1],'0']],[2,[[8,4,3,2],'+']],[2,[[8,4,3,2],'-']]
,[2,[[7,6,4],'0']],[2,[[7,6,3,1],'+']],[2,[[7,6,3,1],'-']],[2,[[7,5,4,1],'0']]
,[2,[[7,5,3,2],'0']],[2,[[7,4,3,2,1],'0']],[2,[[6,5,5,1],'+']],[2,[[6,5,5,1],
'-']],[2,[[6,5,4,2],'0']],[2,[[6,5,3,2,1],'+']],[2,[[6,5,3,2,1],'-']],[2,[[5,5
,5,2],'0']],[2,[[5,5,4,3],'+']],[2,[[5,5,4,3],'-']],[2,[[5,5,4,2,1],'0']]]));

MBT("2.Sym(17)",7,
"(no info text)",
[78,79,71,71,73,77,70,70,70,72,72,72,72,76,70,72,72,72,72,72,72,70,72,72,73,75
,74,72,72,70,72,72,71,71,70,73,70,72,72,71,71,70],
[2,1,2,1,0,0,0,0,0,0],
[[298,302,306,316,322,329,330,331,332],,[301,309,310,314,315,317,318,319,320,
321,324,325,326,327,328,334,350,352]],
[,[[4,6],[5,7],[3,4],[3,5],[1,3],[2,3]],,[[4,5],[3,4],[1..3]]],
[[[0,1,-1,0,0,-1,1,-1,2],[1,-1,2,-1,0,1,-1,2,-2],[-2,2,-2,1,-1,-1,2,-2,2],[2,
-2,2,-1,1,2,-2,2,-2],[-1,1,-2,1,0,-2,2,-2,2],[0,0,0,0,0,1,-1,1,-1],[0,-1,1,0,0
,0,0,0,0],[-1,1,0,0,0,0,0,0,0],[1,0,0,0,0,0,0,0,0]],,[[-1,1,1,-1,0,1,-1,-1,1,0
,-1,1,1,1,0,0,0,0],[-1,1,1,0,-1,1,-1,-1,0,1,-1,1,1,0,1,0,0,0],[0,0,0,0,0,0,0,0
,0,0,0,0,0,0,0,0,1,-1],[0,1,1,-1,-1,1,-1,-1,1,1,-1,2,2,0,0,0,-1,1],[1,-1,-1,0,
1,-1,1,1,0,-1,1,-1,-1,0,-1,1,0,0],[0,0,0,1,0,-1,0,0,-1,0,1,-1,-1,0,1,-1,0,0],[
0,0,0,0,0,0,0,0,0,0,0,0,0,0,1,-1,0,0],[1,-1,-1,0,0,0,1,1,0,0,0,0,0,0,-1,1,0,0]
,[0,0,0,0,0,0,0,0,0,0,0,0,0,0,0,0,0,1],[0,0,0,0,0,0,1,1,-1,-1,1,-1,-1,0,0,0,0,
-1],[0,0,0,-1,0,1,-1,0,1,1,-1,1,1,0,-1,1,0,0],[-1,1,1,0,-1,1,-1,-2,1,1,-1,1,1,
0,1,-1,0,0],[0,0,0,0,0,0,0,1,0,0,0,0,0,0,-1,1,0,0],[-1,1,1,0,0,0,0,-1,0,0,0,0,
0,0,1,-1,0,0],[0,-1,-1,1,1,-1,1,1,-1,-1,1,-1,-2,0,0,0,1,-1],[0,0,0,0,0,0,0,0,0
,0,0,0,1,0,0,0,-1,1],[0,0,1,0,0,0,0,-1,0,0,0,0,0,0,1,-1,0,0],[1,0,-1,0,0,0,0,1
,0,0,0,0,0,0,-1,1,0,0]]],
[["Sym(17)",0]],
0,
0,
rec(CharacterParameters:=[[1,[17]],[1,[16,1]],[1,[15,2]],[1,[15,1,1]],[1,[14,3
]],[1,[14,2,1]],[1,[14,1,1,1]],[1,[13,4]],[1,[13,3,1]],[1,[13,2,2]],[1,[13,2,1
,1]],[1,[13,1,1,1,1]],[1,[12,5]],[1,[12,4,1]],[1,[12,3,2]],[1,[12,3,1,1]],[1,[
12,2,2,1]],[1,[12,2,1,1,1]],[1,[12,1,1,1,1,1]],[1,[11,6]],[1,[11,5,1]],[1,[11,
4,2]],[1,[11,4,1,1]],[1,[11,3,3]],[1,[11,3,2,1]],[1,[11,3,1,1,1]],[1,[11,2,2,2
]],[1,[11,2,2,1,1]],[1,[11,2,1,1,1,1]],[1,[11,1,1,1,1,1,1]],[1,[10,7]],[1,[10,
6,1]],[1,[10,5,2]],[1,[10,5,1,1]],[1,[10,4,3]],[1,[10,4,2,1]],[1,[10,4,1,1,1]]
,[1,[10,3,3,1]],[1,[10,3,2,2]],[1,[10,3,2,1,1]],[1,[10,3,1,1,1,1]],[1,[10,2,2,
2,1]],[1,[10,2,2,1,1,1]],[1,[10,2,1,1,1,1,1]],[1,[9,8]],[1,[9,7,1]],[1,[9,6,2]
],[1,[9,6,1,1]],[1,[9,5,3]],[1,[9,5,2,1]],[1,[9,5,1,1,1]],[1,[9,4,4]],[1,[9,4,
3,1]],[1,[9,4,2,2]],[1,[9,4,2,1,1]],[1,[9,4,1,1,1,1]],[1,[9,3,3,2]],[1,[9,3,3,
1,1]],[1,[9,3,2,2,1]],[1,[9,3,2,1,1,1]],[1,[9,3,1,1,1,1,1]],[1,[9,2,2,2,2]],[1
,[9,2,2,2,1,1]],[1,[9,2,2,1,1,1,1]],[1,[9,2,1,1,1,1,1,1]],[1,[8,8,1]],[1,[8,7,
2]],[1,[8,7,1,1]],[1,[8,6,3]],[1,[8,6,2,1]],[1,[8,6,1,1,1]],[1,[8,5,4]],[1,[8,
5,3,1]],[1,[8,5,2,2]],[1,[8,5,2,1,1]],[1,[8,5,1,1,1,1]],[1,[8,4,4,1]],[1,[8,4,
3,2]],[1,[8,4,3,1,1]],[1,[8,4,2,2,1]],[1,[8,4,2,1,1,1]],[1,[8,4,1,1,1,1,1]],[1
,[8,3,3,3]],[1,[8,3,3,2,1]],[1,[8,3,3,1,1,1]],[1,[8,3,2,2,2]],[1,[8,3,2,2,1,1]
],[1,[8,3,2,1,1,1,1]],[1,[8,3,1,1,1,1,1,1]],[1,[8,2,2,2,2,1]],[1,[8,2,2,2,1,1,
1]],[1,[8,2,2,1,1,1,1,1]],[1,[7,7,3]],[1,[7,7,2,1]],[1,[7,7,1,1,1]],[1,[7,6,4]
],[1,[7,6,3,1]],[1,[7,6,2,2]],[1,[7,6,2,1,1]],[1,[7,6,1,1,1,1]],[1,[7,5,5]],[1
,[7,5,4,1]],[1,[7,5,3,2]],[1,[7,5,3,1,1]],[1,[7,5,2,2,1]],[1,[7,5,2,1,1,1]],[1
,[7,5,1,1,1,1,1]],[1,[7,4,4,2]],[1,[7,4,4,1,1]],[1,[7,4,3,3]],[1,[7,4,3,2,1]],
[1,[7,4,3,1,1,1]],[1,[7,4,2,2,2]],[1,[7,4,2,2,1,1]],[1,[7,4,2,1,1,1,1]],[1,[7,
4,1,1,1,1,1,1]],[1,[7,3,3,3,1]],[1,[7,3,3,2,2]],[1,[7,3,3,2,1,1]],[1,[7,3,3,1,
1,1,1]],[1,[7,3,2,2,2,1]],[1,[7,3,2,2,1,1,1]],[1,[7,3,2,1,1,1,1,1]],[1,[7,2,2,
2,2,2]],[1,[7,2,2,2,2,1,1]],[1,[7,2,2,2,1,1,1,1]],[1,[7,2,2,1,1,1,1,1,1]],[1,[
6,6,5]],[1,[6,6,4,1]],[1,[6,6,3,2]],[1,[6,6,3,1,1]],[1,[6,6,2,2,1]],[1,[6,6,2,
1,1,1]],[1,[6,6,1,1,1,1,1]],[1,[6,5,5,1]],[1,[6,5,4,2]],[1,[6,5,4,1,1]],[1,[6,
5,3,3]],[1,[6,5,3,2,1]],[1,[6,5,3,1,1,1]],[1,[6,5,2,2,2]],[1,[6,5,2,2,1,1]],[1
,[6,5,2,1,1,1,1]],[1,[6,5,1,1,1,1,1,1]],[1,[6,4,4,3]],[1,[6,4,4,2,1]],[1,[6,4,
4,1,1,1]],[1,[6,4,3,3,1]],[1,[6,4,3,2,2]],[1,[6,4,3,2,1,1]],[1,[6,4,3,1,1,1,1]
],[1,[6,4,2,2,2,1]],[1,[6,4,2,2,1,1,1]],[1,[6,4,2,1,1,1,1,1]],[1,[6,3,3,3,2]],
[1,[6,3,3,3,1,1]],[1,[6,3,3,2,2,1]],[1,[6,3,3,2,1,1,1]],[1,[6,3,3,1,1,1,1,1]],
[1,[6,3,2,2,2,2]],[1,[6,3,2,2,2,1,1]],[1,[6,3,2,2,1,1,1,1]],[1,[6,3,2,1,1,1,1,
1,1]],[1,[6,2,2,2,2,2,1]],[1,[6,2,2,2,2,1,1,1]],[1,[6,2,2,2,1,1,1,1,1]],[1,[5,
5,5,2]],[1,[5,5,5,1,1]],[1,[5,5,4,3]],[1,[5,5,4,2,1]],[1,[5,5,4,1,1,1]],[1,[5,
5,3,3,1]],[1,[5,5,3,2,2]],[1,[5,5,3,2,1,1]],[1,[5,5,3,1,1,1,1]],[1,[5,5,2,2,2,
1]],[1,[5,5,2,2,1,1,1]],[1,[5,5,2,1,1,1,1,1]],[1,[5,4,4,4]],[1,[5,4,4,3,1]],[1
,[5,4,4,2,2]],[1,[5,4,4,2,1,1]],[1,[5,4,4,1,1,1,1]],[1,[5,4,3,3,2]],[1,[5,4,3,
3,1,1]],[1,[5,4,3,2,2,1]],[1,[5,4,3,2,1,1,1]],[1,[5,4,3,1,1,1,1,1]],[1,[5,4,2,
2,2,2]],[1,[5,4,2,2,2,1,1]],[1,[5,4,2,2,1,1,1,1]],[1,[5,4,2,1,1,1,1,1,1]],[1,[
5,3,3,3,3]],[1,[5,3,3,3,2,1]],[1,[5,3,3,3,1,1,1]],[1,[5,3,3,2,2,2]],[1,[5,3,3,
2,2,1,1]],[1,[5,3,3,2,1,1,1,1]],[1,[5,3,3,1,1,1,1,1,1]],[1,[5,3,2,2,2,2,1]],[1
,[5,3,2,2,2,1,1,1]],[1,[5,3,2,2,1,1,1,1,1]],[1,[5,2,2,2,2,2,2]],[1,[5,2,2,2,2,
2,1,1]],[1,[5,2,2,2,2,1,1,1,1]],[1,[5,2,2,2,1,1,1,1,1,1]],[1,[4,4,4,4,1]],[1,[
4,4,4,3,2]],[1,[4,4,4,3,1,1]],[1,[4,4,4,2,2,1]],[1,[4,4,4,2,1,1,1]],[1,[4,4,4,
1,1,1,1,1]],[1,[4,4,3,3,3]],[1,[4,4,3,3,2,1]],[1,[4,4,3,3,1,1,1]],[1,[4,4,3,2,
2,2]],[1,[4,4,3,2,2,1,1]],[1,[4,4,3,2,1,1,1,1]],[1,[4,4,3,1,1,1,1,1,1]],[1,[4,
4,2,2,2,2,1]],[1,[4,4,2,2,2,1,1,1]],[1,[4,4,2,2,1,1,1,1,1]],[1,[4,3,3,3,3,1]],
[1,[4,3,3,3,2,2]],[1,[4,3,3,3,2,1,1]],[1,[4,3,3,3,1,1,1,1]],[1,[4,3,3,2,2,2,1]
],[1,[4,3,3,2,2,1,1,1]],[1,[4,3,3,2,1,1,1,1,1]],[1,[4,3,2,2,2,2,2]],[1,[4,3,2,
2,2,2,1,1]],[1,[4,3,2,2,2,1,1,1,1]],[1,[4,3,2,2,1,1,1,1,1,1]],[1,[4,2,2,2,2,2,
2,1]],[1,[4,2,2,2,2,2,1,1,1]],[1,[4,2,2,2,2,1,1,1,1,1]],[1,[3,3,3,3,3,2]],[1,[
3,3,3,3,3,1,1]],[1,[3,3,3,3,2,2,1]],[1,[3,3,3,3,2,1,1,1]],[1,[3,3,3,3,1,1,1,1,
1]],[1,[3,3,3,2,2,2,2]],[1,[3,3,3,2,2,2,1,1]],[1,[3,3,3,2,2,1,1,1,1]],[1,[3,3,
3,2,1,1,1,1,1,1]],[1,[3,3,2,2,2,2,2,1]],[1,[3,3,2,2,2,2,1,1,1]],[1,[3,3,2,2,2,
1,1,1,1,1]],[1,[3,2,2,2,2,2,2,1,1]],[1,[3,2,2,2,2,2,1,1,1,1]],[1,[3,2,2,2,2,1,
1,1,1,1,1]],[1,[2,2,2,2,2,2,1,1,1,1,1]],[2,[[12,5],'+']],[2,[[12,5],'-']],[2,[
[11,6],'+']],[2,[[11,6],'-']],[2,[[11,5,1],'0']],[2,[[11,4,2],'0']],[2,[[10,6,
1],'0']],[2,[[10,5,2],'0']],[2,[[10,4,3],'0']],[2,[[10,4,2,1],'+']],[2,[[10,4,
2,1],'-']],[2,[[9,7,1],'+']],[2,[[9,7,1],'-']],[2,[[9,6,2],'0']],[2,[[9,5,3],
'0']],[2,[[9,5,2,1],'+']],[2,[[9,5,2,1],'-']],[2,[[9,4,3,1],'+']],[2,[[9,4,3,1
],'-']],[2,[[8,7,2],'+']],[2,[[8,7,2],'-']],[2,[[8,6,3],'0']],[2,[[8,6,2,1],
'+']],[2,[[8,6,2,1],'-']],[2,[[8,5,4],'0']],[2,[[8,5,3,1],'+']],[2,[[8,5,3,1],
'-']],[2,[[8,4,3,2],'+']],[2,[[8,4,3,2],'-']],[2,[[7,7,3],'0']],[2,[[7,7,2,1],
'+']],[2,[[7,7,2,1],'-']],[2,[[7,6,4],'+']],[2,[[7,6,4],'-']],[2,[[7,6,3,1],
'0']],[2,[[7,5,4,1],'0']],[2,[[7,5,3,2],'0']],[2,[[7,4,3,2,1],'+']],[2,[[7,4,3
,2,1],'-']],[2,[[6,5,4,2],'+']],[2,[[6,5,4,2],'-']],[2,[[6,5,3,2,1],'0']]]));

