MBT("2.Sym(6)",3,
"(no info text)",
[4,4],
[2],
[[12,14]],
[],
[[[-2,1],[1,0]]],
[["Sym(6)",0]],
0,
0,
rec(CharacterParameters:=[[1,[6]],[1,[5,1]],[1,[4,2]],[1,[4,1,1]],[1,[3,3]],[1
,[3,2..1]],[1,[2,2,1,1]],[2,[[4,2],'0']],[2,[[3,2..1],'0']]]));

MBT("2.Sym(6)",5,
"(no info text)",
[8,8,9,8,8],
[1,0],
[],
[[[3,5],[3,4],[1,3],[2,3]]],
[],
[["Sym(6)",0]],
0,
0,
rec(CharacterParameters:=[[1,[6]],[1,[5,1]],[1,[4,2]],[1,[4,1,1]],[1,[3,3]],[1
,[3,2..1]],[1,[3,1,1,1]],[1,[2,2,2]],[1,[2,2,1,1]],[1,[2,1,1,1,1]],[2,[[5,1],
'+']],[2,[[5,1],'-']],[2,[[4,2],'0']],[2,[[3,2..1],'+']],[2,[[3,2..1],'-']]])
);

MBT("2.Sym(6)",7,
"(no info text)",
[1..17],
[0,0,0,0,0,0,0,0,0,0,0,0,0,0,0,0,0],
[],
[],
[],
0,
0,
0,
rec(CharacterParameters:=[[1,[1,1,1,1,1,1]],[1,[2,1,1,1,1]],[1,[2,2,1,1]],[1,[
2,2,2]],[1,[3,1,1,1]],[1,[3,2..1]],[1,[3,3]],[1,[4,1,1]],[1,[4,2]],[1,[5,1]],[
1,[6]],[2,[[3,2..1],'+']],[2,[[3,2..1],'-']],[2,[[4,2],'0']],[2,[[5,1],'0']],[
2,[[6],'+']],[2,[[6],'-']]]));

