MBT("2.Alt(8)",3,
"(no info text)",
[6,5,5,6],
[1,2],
[,[16,17]],
[[[1,3],[1,2]]],
[,[[-1,2],[1,-1]]],
[["Alt(8)",0]],
0,
0,
rec(CharacterParameters:=[[1,[8]],[1,[7,1]],[1,[6,2]],[1,[6,1,1]],[1,[5,3]],[1
,[5,2,1]],[1,[[4,2,1,1],'+']],[1,[[4,2,1,1],'-']],[2,[[5,2,1],'0']],[2,[[4,3,1
],'+']],[2,[[4,3,1],'-']],[2,[[3,3,2],'0']]]));

MBT("2.Alt(8)",5,
"(no info text)",
[9,9,8,9,9,8],
[1,1],
[],
[[[2..4],[1..3]],[[2,5],[3,4],[1,3],[1,2]]],
[],
[["Alt(8)",0]],
0,
0,
rec(CharacterParameters:=[[1,[8]],[1,[7,1]],[1,[6,2]],[1,[6,1,1]],[1,[5,3]],[1
,[5,2,1]],[1,[5,1,1,1]],[1,[4,4]],[1,[4,3,1]],[1,[[4,2,1,1],'+']],[1,[[4,2,1,1
],'-']],[2,[[6,2],'+']],[2,[[6,2],'-']],[2,[[5,3],'0']],[2,[[5,2,1],'+']],[2,[
[5,2,1],'-']],[2,[[4,3,1],'0']]]));

MBT("2.Alt(8)",7,
"(no info text)",
[11,15,14,13,12,11,11],
[1,0,0,0,0],
[],
[[[3..5],[2..4],[1,2]]],
[],
[["Alt(8)",0]],
0,
0,
rec(CharacterParameters:=[[1,[8]],[1,[7,1]],[1,[6,2]],[1,[6,1,1]],[1,[5,3]],[1
,[5,2,1]],[1,[5,1,1,1]],[1,[4,4]],[1,[4,3,1]],[1,[4,2,2]],[1,[[3,3,2],'+']],[1
,[[3,3,2],'-']],[2,[[7,1],'0']],[2,[[6,2],'+']],[2,[[6,2],'-']],[2,[[5,3],'+']
],[2,[[5,3],'-']],[2,[[5,2,1],'0']],[2,[[4,3,1],'0']]]));

