MBT("2.Sym(5)",3,
"(no info text)",
[6,5..4],
[1,0,0],
[],
[[[1..3]]],
[],
[["Sym(5)",0]],
0,
0,
rec(CharacterParameters:=[[1,[5]],[1,[4,1]],[1,[3,2]],[1,[3,1,1]],[1,[2,2,1]],
[2,[[4,1],'+']],[2,[[4,1],'-']],[2,[[3,2],'0']]]));

MBT("2.Sym(5)",5,
"(no info text)",
[4,4,4,4],
[1],
[],
[[[4,5],[3,5],[1,3],[2,4]]],
[],
[["Sym(5)",0]],
0,
0,
rec(CharacterParameters:=[[1,[5]],[1,[4,1]],[1,[3,2]],[1,[3,1,1]],[1,[2,2,1]],
[1,[2,1,1,1]],[2,[[4,1],'+']],[2,[[4,1],'-']],[2,[[3,2],'+']],[2,[[3,2],'-']]]
));

MBT("2.Sym(5)",7,
"(no info text)",
[1..12],
[0,0,0,0,0,0,0,0,0,0,0,0],
[],
[],
[],
0,
0,
0,
rec(CharacterParameters:=[[1,[1,1,1,1,1]],[1,[2,1,1,1]],[1,[2,2,1]],[1,[3,1,1]
],[1,[3,2]],[1,[4,1]],[1,[5]],[2,[[3,2],'+']],[2,[[3,2],'-']],[2,[[4,1],'+']],
[2,[[4,1],'-']],[2,[[5],'0']]]));

