MBT("2.Alt(18)",3,
"(no info text)",
[5,5,7,6,5,5,5,5,6,5,5,5,5,5,5,5,5,5,5,5,5,5,5,5,5],
[8,2,1],
[[201,202,204,205,206,207,215,216,217,220,221,231,232,235,240,241,242,247,257,
260,265,267],[209,239]],
[,,[[1..3]]],
[[[-1,1,0,1,2,-5,-1,-2,5,-6,-6,3,-3,0,0,0,0,0,0,0,0,0],[-1,1,0,2,1,-5,-2,-1,5,
-6,-6,3,-3,0,0,0,0,0,0,0,0,0],[0,0,0,-1,0,2,1,1,-3,3,3,-1,2,0,-1,-1,0,0,0,0,0,
0],[0,0,0,0,-1,2,1,1,-3,3,3,-1,2,0,-1,-1,0,0,0,0,0,0],[0,-1,1,-1,0,0,0,0,0,-1,
0,0,0,1,0,0,0,0,0,0,0,0],[0,-1,0,1,0,0,0,0,0,1,0,0,0,-1,0,0,0,0,0,0,0,0],[0,-1
,-1,1,1,-2,0,0,1,-1,-1,0,0,0,-1,-1,0,1,-1,-1,-1,0],[0,-2,1,1,1,-3,-1,-1,2,-2,
-2,1,0,0,1,1,0,-1,1,1,1,0],[0,1,0,-1,0,1,1,0,-1,0,1,0,0,0,0,0,0,0,0,0,0,0],[0,
1,0,0,-1,1,0,1,-1,1,0,0,0,0,0,0,0,0,0,0,0,0],[0,-1,1,0,0,0,-1,-1,1,0,0,0,0,0,1
,1,0,0,1,1,0,0],[0,0,-1,1,1,-1,0,0,0,0,0,0,0,0,-1,-1,0,0,-1,-1,0,0],[0,0,-1,0,
0,2,1,1,-3,3,3,-1,1,0,-1,-2,0,1,-1,0,0,0],[1,-1,0,-1,-1,3,1,1,-3,3,3,-1,1,0,0,
1,0,-1,1,0,0,0],[0,1,0,0,0,-2,0,0,2,-4,-3,1,-1,1,0,0,-1,0,0,0,0,0],[-1,1,0,1,1
,-2,-1,-1,2,-1,-2,1,-1,-1,0,0,1,0,0,0,0,0],[0,0,0,0,0,0,1,1,-2,1,1,0,1,0,-1,-1
,0,0,0,0,1,1],[1,-1,0,-1,-1,2,0,0,0,1,1,-1,0,0,1,1,0,0,0,0,-1,-1],[0,1,-1,0,0,
0,0,0,1,-1,-1,0,-1,0,0,-1,0,1,-1,-1,-1,0],[0,0,1,0,0,-1,-1,-1,2,-2,-2,1,-1,0,1
,2,0,-1,1,1,1,0],[0,0,-1,0,0,1,0,0,0,1,1,-1,0,0,0,-1,0,1,-1,-1,-1,-1],[0,-1,1,
0,0,0,0,0,-1,1,1,0,1,0,0,1,0,-1,1,1,1,1]],[[0,1],[1,-1]]],
[["Alt(18)",0]],
0,
0,
rec(CharacterParameters:=[[1,[18]],[1,[17,1]],[1,[16,2]],[1,[16,1,1]],[1,[15,3
]],[1,[15,2,1]],[1,[14,4]],[1,[14,3,1]],[1,[14,2,2]],[1,[14,2,1,1]],[1,[13,5]]
,[1,[13,4,1]],[1,[13,3,2]],[1,[13,3,1,1]],[1,[13,2,2,1]],[1,[12,6]],[1,[12,5,1
]],[1,[12,4,2]],[1,[12,4,1,1]],[1,[12,3,3]],[1,[12,3,2,1]],[1,[12,2,2,1,1]],[1
,[11,7]],[1,[11,6..1]],[1,[11,5,2]],[1,[11,5,1,1]],[1,[11,4,3]],[1,[11,4,2,1]]
,[1,[11,3,3,1]],[1,[11,3,2,2]],[1,[11,3,2,1,1]],[1,[10,8]],[1,[10,7,1]],[1,[10
,6..2]],[1,[10,6,1,1]],[1,[10,5,3]],[1,[10,5,2,1]],[1,[[10,4,4],'+']],[1,[[10,
4,4],'-']],[1,[10,4,3,1]],[1,[10,4,2,2]],[1,[10,4,2,1,1]],[1,[10,3,3,2]],[1,[
10,3,3,1,1]],[1,[10,3,2,2,1]],[1,[9,7,2]],[1,[9,7,1,1]],[1,[9,6..3]],[1,[9,6,2
,1]],[1,[9,5,3,1]],[1,[9,5,2,2]],[1,[9,5,2,1,1]],[1,[[9,4,4,1],'+']],[1,[[9,4,
4,1],'-']],[1,[9,4,3,2]],[1,[9,4,3,1,1]],[1,[9,4,2,2,1]],[1,[9,3,3,2,1]],[1,[9
,3,2,2,1,1]],[1,[8,6..4]],[1,[8,6,3,1]],[1,[8,6,2,2]],[1,[8,6,2,1,1]],[1,[8,5,
3,2]],[1,[8,5,3,1,1]],[1,[8,5,2,2,1]],[1,[8,4,2,2,1,1]],[1,[8,3,3,2,2]],[1,[8,
3,3,2,1,1]],[1,[7,5,3,2,1]],[1,[[7,5,2,2,1,1],'+']],[1,[[7,5,2,2,1,1],'-']],[2
,[[8,5,4,1],'+']],[2,[[8,5,4,1],'-']],[2,[[8,5,3,2],'0']],[2,[[7,6,4,1],'0']],
[2,[[7,5,4,2],'+']],[2,[[7,5,4,2],'-']],[2,[[7,5,3,2,1],'+']],[2,[[7,5,3,2,1],
'-']],[2,[[7,4,3,3,1],'0']],[2,[[6,6,4,2],'+']],[2,[[6,6,4,2],'-']],[2,[[6,5,4
,2,1],'+']],[2,[[6,5,4,2,1],'-']],[2,[[6,5,3,3,1],'+']],[2,[[6,5,3,3,1],'-']],
[2,[[6,4,3,3,2],'+']],[2,[[6,4,3,3,2],'-']],[2,[[5,4,3,3,2,1],'+']],[2,[[5,4,3
,3,2,1],'-']],[2,[[5,3,3,3,3,1],'+']],[2,[[5,3,3,3,3,1],'-']],[2,[[4,3,3,3,3,2
],'+']],[2,[[4,3,3,3,3,2],'-']],[2,[[3,3,3,3,3,2,1],'+']],[2,[[3,3,3,3,3,2,1],
'-']]]));

MBT("2.Alt(18)",5,
"(no info text)",
[26,20,20,22,21,20,20,25,25,21,25,25,21,20,20,21,24,23,21,21,21,20,20,20,20,20
,20,22,20,20,20,20,21,20,20,21,20,20,21],
[3,3,1,0,0,1,0],
[[201,204,207,208,209,210,211,220,221,228,229,238,239,242,247,248,249,253,265,
267],[202,212,213,215,219,222,225,230,232,240]],
[,,[[3,4],[1..3]],,,[[3,4],[3,5],[2,3],[1,3]]],
[[[2,0,0,0,-1,-1,1,0,0,1,1,-1,0,0,1,1,0,1,1,1],[0,-2,1,1,0,0,1,-1,-1,0,0,0,1,0
,0,0,0,-1,-1,-1],[1,-1,1,1,-1,-1,1,-1,0,0,1,0,0,0,0,0,0,0,0,0],[1,-1,1,1,-1,-1
,1,0,-1,1,0,0,0,0,0,0,0,0,0,0],[0,1,-1,-1,0,0,-1,0,1,0,1,0,0,-1,0,0,0,0,0,0],[
-1,1,-1,-1,1,1,-1,1,0,0,-1,0,0,1,0,0,0,0,0,0],[1,-1,1,1,-1,-1,1,-1,0,0,1,0,0,
-1,0,0,1,0,0,0],[0,0,0,0,0,0,1,1,0,0,-1,0,0,1,0,0,-1,0,0,0],[0,1,-1,-1,1,0,-2,
0,1,0,1,0,-1,-1,1,1,1,0,0,0],[-1,2,-2,-2,1,2,-2,2,1,0,-1,0,-1,1,1,1,-1,0,0,0],
[0,2,-2,-2,1,1,-2,1,1,0,0,0,-1,0,1,1,0,0,1,1],[-2,0,0,0,1,1,-1,0,0,-1,-1,1,0,0
,-1,-1,0,0,-1,-1],[2,-2,1,2,-1,-2,2,-2,-1,1,2,-1,1,-1,0,0,1,0,0,0],[1,-1,1,0,
-1,0,2,0,-1,1,0,-1,1,1,0,0,-1,0,0,0],[0,0,0,0,0,0,0,0,0,0,0,0,0,0,0,0,0,0,0,1]
,[0,-2,2,2,-1,-1,2,-1,-1,0,0,0,1,0,-1,-1,0,0,0,-1],[1,0,0,0,0,-1,0,0,0,0,1,0,0
,-1,0,0,0,0,0,0],[0,0,0,0,0,1,0,0,0,0,-1,0,0,1,0,0,0,0,0,0],[0,2,-1,-1,0,0,-1,
1,1,0,0,0,-1,0,1,0,0,1,1,1],[-2,0,0,0,1,1,-1,0,0,-1,-1,1,0,0,-1,0,0,-1,-1,-1]]
,[[1,1,-2,1,0,1,1,-1,0,2],[-1,1,0,1,-2,0,-1,2,-2,0],[-1,2,-2,2,-1,1,0,0,0,0],[
1,-1,1,-2,1,0,0,0,0,0],[-1,1,-1,2,-1,0,-1,1,-1,0],[-1,3,-3,4,-2,2,0,0,-2,2],[2
,-1,0,-2,2,0,2,-2,2,0],[1,0,0,0,0,0,0,0,0,0],[0,-2,2,-2,1,-1,0,0,1,-1],[-1,1,0
,1,-1,0,-1,1,-1,0]]],
[["Alt(18)",0]],
0,
0,
rec(CharacterParameters:=[[1,[18]],[1,[17,1]],[1,[16,2]],[1,[16,1,1]],[1,[15,3
]],[1,[15,2,1]],[1,[15,1,1,1]],[1,[14,4]],[1,[14,3,1]],[1,[14,2,2]],[1,[14,2,1
,1]],[1,[14,1,1,1,1]],[1,[13,5]],[1,[13,4,1]],[1,[13,3,2]],[1,[13,3,1,1]],[1,[
13,2,2,1]],[1,[13,2,1,1,1]],[1,[12,6]],[1,[12,5,1]],[1,[12,4,2]],[1,[12,4,1,1]
],[1,[12,3,3]],[1,[12,3,2,1]],[1,[12,3,1,1,1]],[1,[12,2,2,2]],[1,[12,2,2,1,1]]
,[1,[12,2,1,1,1,1]],[1,[11,7]],[1,[11,6..1]],[1,[11,5,2]],[1,[11,5,1,1]],[1,[
11,4,3]],[1,[11,4,2,1]],[1,[11,4,1,1,1]],[1,[11,3,3,1]],[1,[11,3,2,2]],[1,[11,
3,2,1,1]],[1,[11,3,1,1,1,1]],[1,[11,2,2,2,1]],[1,[11,2,2,1,1,1]],[1,[10,8]],[1
,[10,7,1]],[1,[10,6..2]],[1,[10,6,1,1]],[1,[10,5,3]],[1,[10,5,2,1]],[1,[10,5,1
,1,1]],[1,[10,4,4]],[1,[10,4,3,1]],[1,[10,4,2,2]],[1,[10,4,2,1,1]],[1,[10,4,1,
1,1,1]],[1,[10,3,3,2]],[1,[10,3,3,1,1]],[1,[10,3,2,2,1]],[1,[10,3,2,1,1,1]],[1
,[10,2,2,2,2]],[1,[10,2,2,2,1,1]],[1,[10,2,2,1,1,1,1]],[1,[9,9]],[1,[9,8,1]],[
1,[9,7,2]],[1,[9,7,1,1]],[1,[9,6..3]],[1,[9,6,2,1]],[1,[9,6,1,1,1]],[1,[9,5,4]
],[1,[9,5,3,1]],[1,[9,5,2,2]],[1,[9,5,2,1,1]],[1,[9,5,1,1,1,1]],[1,[9,4,4,1]],
[1,[9,4,3,2]],[1,[9,4,3,1,1]],[1,[9,4,2,2,1]],[1,[9,4,2,1,1,1]],[1,[9,3,3,3]],
[1,[9,3,3,2,1]],[1,[9,3,3,1,1,1]],[1,[9,3,2,2,1,1]],[1,[9,3,2,1,1,1,1]],[1,[[9
,2,2,2,2,1],'+']],[1,[[9,2,2,2,2,1],'-']],[1,[9,2,2,2,1,1,1]],[1,[8,8,2]],[1,[
8,8,1,1]],[1,[8,7,3]],[1,[8,7,2,1]],[1,[8,7,1,1,1]],[1,[8,6..4]],[1,[8,6,3,1]]
,[1,[8,6,2,2]],[1,[8,6,2,1,1]],[1,[8,6,1,1,1,1]],[1,[8,5,5]],[1,[8,5,4,1]],[1,
[8,5,3,2]],[1,[8,5,3,1,1]],[1,[8,5,2,2,1]],[1,[8,4,4,2]],[1,[8,4,4,1,1]],[1,[8
,4,3,3]],[1,[8,4,3,2,1]],[1,[8,4,3,1,1,1]],[1,[8,4,2,2,2]],[1,[8,4,2,1,1,1,1]]
,[1,[8,3,3,3,1]],[1,[8,3,3,2,1,1]],[1,[8,3,3,1,1,1,1]],[1,[7,7,4]],[1,[7,7,3,1
]],[1,[7,7,2,2]],[1,[7,7,2,1,1]],[1,[7,7,1,1,1,1]],[1,[7,6,4,1]],[1,[7,6,3,2]]
,[1,[7,6,3,1,1]],[1,[7,6,2,2,1]],[1,[7,6,2,1,1,1]],[1,[7,5,4,2]],[1,[7,5,4,1,1
]],[1,[7,5,3,2,1]],[1,[7,5,3,1,1,1]],[1,[7,5,2,2,2]],[1,[7,4,4,2,1]],[1,[7,4,4
,1,1,1]],[1,[7,4,3,2,2]],[1,[7,4,3,2,1,1]],[1,[7,4,3,1,1,1,1]],[1,[6,6,3,3]],[
1,[[6,5,3,2,2],'+']],[1,[[6,5,3,2,2],'-']],[1,[6,5,3,2,1,1]],[2,[[11,6..1],'0'
]],[2,[[10,6..2],'+']],[2,[[10,6..2],'-']],[2,[[9,7,2],'0']],[2,[[9,6..3],'0']
],[2,[[9,6,2,1],'+']],[2,[[9,6,2,1],'-']],[2,[[9,5,4],'+']],[2,[[9,5,4],'-']],
[2,[[9,5,3,1],'0']],[2,[[9,4,3,2],'+']],[2,[[9,4,3,2],'-']],[2,[[8,7,3],'0']],
[2,[[8,7,2,1],'+']],[2,[[8,7,2,1],'-']],[2,[[8,6..4],'0']],[2,[[8,6,3,1],'+']]
,[2,[[8,6,3,1],'-']],[2,[[8,5,4,1],'0']],[2,[[8,5,3,2],'0']],[2,[[8,4,3,2,1],
'0']],[2,[[7,6,4,1],'+']],[2,[[7,6,4,1],'-']],[2,[[7,6,3,2],'+']],[2,[[7,6,3,2
],'-']],[2,[[7,5,5,1],'+']],[2,[[7,5,5,1],'-']],[2,[[7,5,4,2],'0']],[2,[[7,5,3
,2,1],'+']],[2,[[7,5,3,2,1],'-']],[2,[[6,5,5,2],'+']],[2,[[6,5,5,2],'-']],[2,[
[6,5..3],'0']],[2,[[6,5,4,2,1],'+']],[2,[[6,5,4,2,1],'-']],[2,[[5,5,5,3],'0']]
,[2,[[5,5,5,2,1],'+']],[2,[[5,5,5,2,1],'-']],[2,[[5,5,4,3,1],'0']]]));

MBT("2.Alt(18)",7,
"(no info text)",
[49,49,59,48,48,48,58,57,50,50,51,56,50,50,50,50,52,55,55,51,55,55,48,50,50,55
,55,50,50,52,48,50,50,54,53,50,50,52,48,50,50,49,49,48,51,48,50,50,49,49,48],
[2,1,2,1,1,0,0,1,0,0,0,0],
[[201,205,209,219,227,244,245,246,247],,[204,213,214,217,218,222,225,226,233,
234,235,236,239,240,241,249,263,267]],
[,[[4,6],[5,7],[3,4],[3,5],[2,3],[1,3]],,[[4,5],[3,4],[1..3]],[[4,5],[2..4],[1
..3]],,,[[5,6],[5,7],[4,5],[3,5],[2,3],[1,4]]],
[[[0,1,-1,0,0,-1,1,-1,2],[1,-1,2,-1,0,1,-1,2,-2],[-2,2,-2,1,-1,-1,2,-2,2],[2,
-2,2,-1,1,2,-2,2,-2],[-1,1,-2,1,0,-2,2,-2,2],[0,0,0,0,0,1,-1,1,-1],[0,-1,1,0,0
,0,0,0,0],[-1,1,0,0,0,0,0,0,0],[1,0,0,0,0,0,0,0,0]],,[[0,0,0,0,0,0,0,0,-1,-1,1
,1,-1,1,1,0,1,1],[0,1,1,-1,-1,1,0,0,0,0,0,0,0,1,1,0,-1,-1],[0,0,0,0,1,-1,0,-1,
1,0,0,0,1,-1,-1,-1,0,0],[1,-1,-1,1,0,-1,0,1,0,1,-1,-1,1,-1,-1,1,0,0],[-1,1,1,
-1,0,1,0,-1,0,-1,1,1,-1,1,1,0,0,0],[-1,1,1,0,-1,1,-1,0,-1,0,1,1,-1,1,1,0,0,0],
[1,-1,-1,0,1,-1,1,0,1,1,-1,-1,1,-1,-1,0,0,0],[1,-1,-1,1,0,-1,0,1,1,1,-1,-1,1,
-1,-1,0,0,0],[0,0,0,0,0,0,0,0,0,0,0,0,0,0,0,0,0,1],[0,0,0,0,0,0,0,0,1,1,-1,-1,
1,-1,-1,0,0,-1],[-1,1,1,-1,0,1,0,-1,-1,-1,1,2,-1,1,1,-1,0,0],[0,0,0,0,-1,1,0,1
,-1,-1,1,0,-1,1,1,1,0,0],[0,0,0,0,0,0,0,1,0,0,0,-1,0,0,0,1,0,0],[-1,1,1,0,0,0,
0,-1,0,0,0,1,0,0,0,-1,0,0],[0,0,0,0,0,0,0,0,1,1,-1,-1,1,0,-1,0,-1,-1],[0,-1,-1
,1,1,-1,0,0,0,0,0,0,0,-1,0,0,1,1],[0,0,1,0,0,0,0,-1,0,0,0,1,0,0,0,-1,0,0],[1,0
,-1,0,0,0,0,1,0,0,0,-1,0,0,0,1,0,0]]],
[["Alt(18)",0]],
0,
0,
rec(CharacterParameters:=[[1,[18]],[1,[17,1]],[1,[16,2]],[1,[16,1,1]],[1,[15,3
]],[1,[15,2,1]],[1,[15,1,1,1]],[1,[14,4]],[1,[14,3,1]],[1,[14,2,2]],[1,[14,2,1
,1]],[1,[14,1,1,1,1]],[1,[13,5]],[1,[13,4,1]],[1,[13,3,2]],[1,[13,3,1,1]],[1,[
13,2,2,1]],[1,[13,2,1,1,1]],[1,[13,1,1,1,1,1]],[1,[12,6]],[1,[12,5,1]],[1,[12,
4,2]],[1,[12,4,1,1]],[1,[12,3,3]],[1,[12,3,2,1]],[1,[12,3,1,1,1]],[1,[12,2,2,2
]],[1,[12,2,2,1,1]],[1,[12,2,1,1,1,1]],[1,[12,1,1,1,1,1,1]],[1,[11,7]],[1,[11,
6..1]],[1,[11,5,2]],[1,[11,5,1,1]],[1,[11,4,3]],[1,[11,4,2,1]],[1,[11,4,1,1,1]
],[1,[11,3,3,1]],[1,[11,3,2,2]],[1,[11,3,2,1,1]],[1,[11,3,1,1,1,1]],[1,[11,2,2
,2,1]],[1,[11,2,2,1,1,1]],[1,[11,2,1,1,1,1,1]],[1,[10,8]],[1,[10,7,1]],[1,[10,
6..2]],[1,[10,6,1,1]],[1,[10,5,3]],[1,[10,5,2,1]],[1,[10,5,1,1,1]],[1,[10,4,4]
],[1,[10,4,3,1]],[1,[10,4,2,2]],[1,[10,4,2,1,1]],[1,[10,4,1,1,1,1]],[1,[10,3,3
,2]],[1,[10,3,3,1,1]],[1,[10,3,2,2,1]],[1,[10,3,2,1,1,1]],[1,[10,3,1,1,1,1,1]]
,[1,[10,2,2,2,2]],[1,[10,2,2,2,1,1]],[1,[10,2,2,1,1,1,1]],[1,[10,2,1,1,1,1,1,1
]],[1,[9,9]],[1,[9,8,1]],[1,[9,7,2]],[1,[9,7,1,1]],[1,[9,6..3]],[1,[9,6,2,1]],
[1,[9,6,1,1,1]],[1,[9,5,4]],[1,[9,5,3,1]],[1,[9,5,2,2]],[1,[9,5,2,1,1]],[1,[9,
5,1,1,1,1]],[1,[9,4,4,1]],[1,[9,4,3,2]],[1,[9,4,3,1,1]],[1,[9,4,2,2,1]],[1,[9,
4,2,1,1,1]],[1,[9,4,1,1,1,1,1]],[1,[9,3,3,3]],[1,[9,3,3,2,1]],[1,[9,3,3,1,1,1]
],[1,[9,3,2,2,2]],[1,[9,3,2,2,1,1]],[1,[9,3,2,1,1,1,1]],[1,[9,3,1,1,1,1,1,1]],
[1,[9,2,2,2,2,1]],[1,[[9,2,2,1,1,1,1,1],'+']],[1,[[9,2,2,1,1,1,1,1],'-']],[1,[
8,8,2]],[1,[8,8,1,1]],[1,[8,7,3]],[1,[8,7,2,1]],[1,[8,7,1,1,1]],[1,[8,6..4]],[
1,[8,6,3,1]],[1,[8,6,2,2]],[1,[8,6,2,1,1]],[1,[8,6,1,1,1,1]],[1,[8,5,5]],[1,[8
,5,4,1]],[1,[8,5,3,2]],[1,[8,5,3,1,1]],[1,[8,5,2,2,1]],[1,[8,5,2,1,1,1]],[1,[8
,5,1,1,1,1,1]],[1,[8,4,4,2]],[1,[[8,4,4,1,1],'+']],[1,[[8,4,4,1,1],'-']],[1,[8
,4,3,3]],[1,[8,4,3,2,1]],[1,[8,4,3,1,1,1]],[1,[8,4,2,2,2]],[1,[8,4,2,2,1,1]],[
1,[8,4,2,1,1,1,1]],[1,[8,4,1,1,1,1,1,1]],[1,[8,3,3,3,1]],[1,[8,3,3,2,2]],[1,[[
8,3,3,1,1,1,1],'+']],[1,[[8,3,3,1,1,1,1],'-']],[1,[8,2,2,2,2,2]],[1,[7,7,4]],[
1,[7,7,3,1]],[1,[7,7,2,2]],[1,[7,7,2,1,1]],[1,[7,7,1,1,1,1]],[1,[7,6..5]],[1,[
7,6,4,1]],[1,[7,6,3,2]],[1,[7,6,3,1,1]],[1,[7,6,2,2,1]],[1,[7,6,2,1,1,1]],[1,[
7,6,1,1,1,1,1]],[1,[7,5,5,1]],[1,[7,5,4,2]],[1,[7,5,4,1,1]],[1,[7,5,3,3]],[1,[
7,5,3,2,1]],[1,[7,5,3,1,1,1]],[1,[7,5,2,2,2]],[1,[7,5,2,2,1,1]],[1,[7,5,2,1,1,
1,1]],[1,[7,4,4,3]],[1,[7,4,4,2,1]],[1,[7,4,3,3,1]],[1,[7,4,3,2,2]],[1,[7,4,3,
2,1,1]],[1,[7,4,2,2,2,1]],[1,[[7,4,2,2,1,1,1],'+']],[1,[[7,4,2,2,1,1,1],'-']],
[1,[7,3,3,3,2]],[1,[6,6,6]],[1,[6,6,5,1]],[1,[6,6,4,2]],[1,[6,6,4,1,1]],[1,[6,
6,3,2,1]],[1,[6,6,3,1,1,1]],[1,[6,6,2,2,2]],[1,[6,6,2,2,1,1]],[1,[6,5,5,2]],[1
,[6,5,5,1,1]],[1,[6,5,4,2,1]],[1,[6,5,3,2,1,1]],[1,[6,3,3,3,3]],[2,[[12,6],'+'
]],[2,[[12,6],'-']],[2,[[12,5,1],'0']],[2,[[11,6..1],'0']],[2,[[11,5,2],'0']],
[2,[[11,4,3],'0']],[2,[[11,4,2,1],'+']],[2,[[11,4,2,1],'-']],[2,[[10,7,1],'+']
],[2,[[10,7,1],'-']],[2,[[10,6..2],'0']],[2,[[10,5,3],'0']],[2,[[10,5,2,1],'+'
]],[2,[[10,5,2,1],'-']],[2,[[10,4,3,1],'+']],[2,[[10,4,3,1],'-']],[2,[[9,8,1],
'0']],[2,[[9,7,2],'+']],[2,[[9,7,2],'-']],[2,[[9,6..3],'0']],[2,[[9,6,2,1],'+'
]],[2,[[9,6,2,1],'-']],[2,[[9,5,4],'0']],[2,[[9,5,3,1],'+']],[2,[[9,5,3,1],'-'
]],[2,[[9,4,3,2],'+']],[2,[[9,4,3,2],'-']],[2,[[8,7,3],'+']],[2,[[8,7,3],'-']]
,[2,[[8,7,2,1],'0']],[2,[[8,6..4],'0']],[2,[[8,6,3,1],'+']],[2,[[8,6,3,1],'-']
],[2,[[8,5,4,1],'+']],[2,[[8,5,4,1],'-']],[2,[[8,5,3,2],'+']],[2,[[8,5,3,2],
'-']],[2,[[8,4,3,2,1],'0']],[2,[[7,7,4],'0']],[2,[[7,7,3,1],'+']],[2,[[7,7,3,1
],'-']],[2,[[7,6..5],'+']],[2,[[7,6..5],'-']],[2,[[7,6,4,1],'0']],[2,[[7,6,3,2
],'0']],[2,[[7,5,4,2],'0']],[2,[[7,5,3,2,1],'+']],[2,[[7,5,3,2,1],'-']],[2,[[6
,5..3],'+']],[2,[[6,5..3],'-']],[2,[[6,5,4,2,1],'0']]]));

