MBT("2.Sym(11)",3,
"(no info text)",
[6,6,5,5,6,6,5],
[4,2],
[[57,59,62],[61,65,66,72]],
[],
[[[2,-1,2],[1,0,0],[-2,1,-1]],[[0,1,0,0],[0,0,1,0],[0,0,0,1],[1,-1,-1,-1]]],
[["Sym(11)",0]],
0,
0,
rec(CharacterParameters:=[[1,[11]],[1,[10,1]],[1,[9,2]],[1,[9,1,1]],[1,[8,3]],
[1,[8,2,1]],[1,[7,4]],[1,[7,3,1]],[1,[7,2,2]],[1,[7,2,1,1]],[1,[6,5]],[1,[6,4,
1]],[1,[6,3,2]],[1,[6,3,1,1]],[1,[6,2,2,1]],[1,[5,5,1]],[1,[5,4,2]],[1,[5,4,1,
1]],[1,[5,3,3]],[1,[5,3,2,1]],[1,[5,2,2,1,1]],[1,[4,4,3]],[1,[4,4,2,1]],[1,[4,
3,3,1]],[1,[4,3,2,2]],[1,[4,3,2,1,1]],[1,[3,3,2,2,1]],[2,[[6,4,1],'+']],[2,[[6
,4,1],'-']],[2,[[5,4,2],'0']],[2,[[5,3,2,1],'0']],[2,[[4,3,3,1],'+']],[2,[[4,3
,3,1],'-']],[2,[[3,3,3,2],'0']]]));

MBT("2.Sym(11)",5,
"(no info text)",
[16,17,15,15,14,14,14,14,15,15,14],
[2,1,0,0],
[[57,60,61,62,64]],
[,[[2,4],[3,5],[1,2],[1,3]]],
[[[2,-2,1,-2,1],[-1,1,-1,2,0],[-1,1,0,0,0],[0,-1,1,-1,0],[1,0,0,0,0]]],
[["Sym(11)",0]],
0,
0,
rec(CharacterParameters:=[[1,[11]],[1,[10,1]],[1,[9,2]],[1,[9,1,1]],[1,[8,3]],
[1,[8,2,1]],[1,[8,1,1,1]],[1,[7,4]],[1,[7,3,1]],[1,[7,2,2]],[1,[7,2,1,1]],[1,[
7,1,1,1,1]],[1,[6,5]],[1,[6,4,1]],[1,[6,3,2]],[1,[6,3,1,1]],[1,[6,2,2,1]],[1,[
6,2,1,1,1]],[1,[5,5,1]],[1,[5,4,2]],[1,[5,4,1,1]],[1,[5,3,3]],[1,[5,3,2,1]],[1
,[5,3,1,1,1]],[1,[5,2,2,2]],[1,[5,2,2,1,1]],[1,[5,2,1,1,1,1]],[1,[4,4,3]],[1,[
4,4,2,1]],[1,[4,4,1,1,1]],[1,[4,3,3,1]],[1,[4,3,2,2]],[1,[4,3,2,1,1]],[1,[4,3,
1,1,1,1]],[1,[4,2,2,2,1]],[1,[4,2,2,1,1,1]],[1,[3,3,3,2]],[1,[3,3,3,1,1]],[1,[
3,3,2,2,1]],[1,[3,3,2,1,1,1]],[1,[3,2,2,2,2]],[1,[3,2,2,2,1,1]],[1,[3,2,2,1,1,
1,1]],[1,[2,2,2,2,1,1,1]],[2,[[8,3],'+']],[2,[[8,3],'-']],[2,[[7,4],'+']],[2,[
[7,4],'-']],[2,[[7,3,1],'0']],[2,[[6,4,1],'0']],[2,[[6,3,2],'0']],[2,[[5,5,1],
'0']],[2,[[5,4,2],'+']],[2,[[5,4,2],'-']],[2,[[5,3,2,1],'0']]]));

MBT("2.Sym(11)",7,
"(no info text)",
[33,34,27,27,32,28,27,27,30,31,28,29,28,27,27],
[1,1,0,0,0,0,0,0],
[],
[[[5,6],[4,7],[3,4],[3,5],[1,3],[2,3]],[[3..5],[2..4],[1,2]]],
[],
[["Sym(11)",0]],
0,
0,
rec(CharacterParameters:=[[1,[11]],[1,[10,1]],[1,[9,2]],[1,[9,1,1]],[1,[8,3]],
[1,[8,2,1]],[1,[8,1,1,1]],[1,[7,4]],[1,[7,3,1]],[1,[7,2,2]],[1,[7,2,1,1]],[1,[
7,1,1,1,1]],[1,[6,5]],[1,[6,4,1]],[1,[6,3,2]],[1,[6,3,1,1]],[1,[6,2,2,1]],[1,[
6,2,1,1,1]],[1,[6,1,1,1,1,1]],[1,[5,5,1]],[1,[5,4,2]],[1,[5,4,1,1]],[1,[5,3,3]
],[1,[5,3,2,1]],[1,[5,3,1,1,1]],[1,[5,2,2,2]],[1,[5,2,2,1,1]],[1,[5,2,1,1,1,1]
],[1,[5,1,1,1,1,1,1]],[1,[4,4,3]],[1,[4,4,2,1]],[1,[4,4,1,1,1]],[1,[4,3,3,1]],
[1,[4,3,2,2]],[1,[4,3,2,1,1]],[1,[4,3,1,1,1,1]],[1,[4,2,2,2,1]],[1,[4,2,2,1,1,
1]],[1,[4,2,1,1,1,1,1]],[1,[3,3,3,2]],[1,[3,3,3,1,1]],[1,[3,3,2,2,1]],[1,[3,3,
2,1,1,1]],[1,[3,3,1,1,1,1,1]],[1,[3,2,2,2,2]],[1,[3,2,2,2,1,1]],[1,[3,2,2,1,1,
1,1]],[1,[3,2,1,1,1,1,1,1]],[1,[2,2,2,2,2,1]],[1,[2,2,2,2,1,1,1]],[1,[2,2,2,1,
1,1,1,1]],[2,[[9,2],'+']],[2,[[9,2],'-']],[2,[[8,3],'+']],[2,[[8,3],'-']],[2,[
[8,2,1],'0']],[2,[[7,4],'0']],[2,[[7,3,1],'+']],[2,[[7,3,1],'-']],[2,[[6,5],
'+']],[2,[[6,5],'-']],[2,[[6,4,1],'0']],[2,[[6,3,2],'0']],[2,[[5,4,2],'0']],[2
,[[5,3,2,1],'+']],[2,[[5,3,2,1],'-']]]));

