MBT("2.Alt(10)",5,
"(no info text)",
[9,9,11,9,9,10,9,9,9,9,9,9],
[2,0,0],
[[25,26,27,28,30,31,33,34,35,37]],
[],
[[[1,1,-1,1,0,-1,0,1,0,0],[1,1,-1,1,-1,0,1,0,0,0],[-1,-1,1,-1,1,0,-1,0,1,0],[0
,0,0,-1,0,1,1,0,-1,0],[0,0,0,1,0,-1,-1,0,1,1],[0,0,-1,0,0,1,1,0,-1,-1],[0,0,0,
0,0,0,1,0,-1,0],[-1,-1,1,0,0,0,-1,0,1,0],[0,1,0,0,0,0,0,0,0,0],[1,0,0,0,0,0,0,
0,0,0]]],
[["Alt(10)",0]],
0,
0,
rec(CharacterParameters:=[[1,[10]],[1,[9,1]],[1,[8,2]],[1,[8,1,1]],[1,[7,3]],[
1,[7,2,1]],[1,[7,1,1,1]],[1,[6,4]],[1,[6,3,1]],[1,[6,2,2]],[1,[6,2,1,1]],[1,[[
6,1,1,1,1],'+']],[1,[[6,1,1,1,1],'-']],[1,[5,5]],[1,[5,4,1]],[1,[5,3,2]],[1,[[
5,3,1,1],'+']],[1,[[5,3,1,1],'-']],[1,[5,2,2,1]],[1,[4,4,1,1]],[2,[[7,3],'+']]
,[2,[[7,3],'-']],[2,[[7,2,1],'0']],[2,[[6,4],'+']],[2,[[6,4],'-']],[2,[[6,3,1]
,'0']],[2,[[5,4,1],'+']],[2,[[5,4,1],'-']],[2,[[5,3,2],'+']],[2,[[5,3,2],'-']]
,[2,[[4,3..1],'+']],[2,[[4,3..1],'-']]]));

MBT("2.Alt(10)",3,
"(no info text)",
[4,5,5,4,4],
[4,1],
[[25,28,30]],
[,[[1,2],[1,3]]],
[[[2,-1,2],[1,0,0],[-2,1,-1]]],
[["Alt(10)",0]],
0,
0,
rec(CharacterParameters:=[[1,[10]],[1,[9,1]],[1,[8,2]],[1,[8,1,1]],[1,[7,3]],[
1,[7,2,1]],[1,[6,4]],[1,[6,3,1]],[1,[6,2,2]],[1,[6,2,1,1]],[1,[5,3,1,1]],[2,[[
5,4,1],'0']],[2,[[5,3,2],'+']],[2,[[5,3,2],'-']],[2,[[4,3..1],'0']],[2,[[3,3,3
,1],'0']]]));

MBT("2.Alt(10)",7,
"(no info text)",
[15,15,16,15,15,18,19,16,17,16,15,15],
[1,1,0,0,0],
[],
[[[4,6],[5,7],[3,4],[3,5],[2,3],[1,3]],[[3..5],[2..4],[1,2]]],
[],
[["Alt(10)",0]],
0,
0,
rec(CharacterParameters:=[[1,[10]],[1,[9,1]],[1,[8,2]],[1,[8,1,1]],[1,[7,3]],[
1,[7,2,1]],[1,[7,1,1,1]],[1,[6,4]],[1,[6,3,1]],[1,[6,2,2]],[1,[6,2,1,1]],[1,[6
,1,1,1,1]],[1,[5,5]],[1,[5,4,1]],[1,[5,3,2]],[1,[5,3,1,1]],[1,[5,2,2,1]],[1,[[
5,2,1,1,1],'+']],[1,[[5,2,1,1,1],'-']],[1,[4,4,2]],[1,[4,3,3]],[2,[[8,2],'+']]
,[2,[[8,2],'-']],[2,[[7,3],'0']],[2,[[7,2,1],'+']],[2,[[7,2,1],'-']],[2,[[6,4]
,'+']],[2,[[6,4],'-']],[2,[[6,3,1],'0']],[2,[[5,4,1],'0']],[2,[[5,3,2],'0']],[
2,[[4,3..1],'+']],[2,[[4,3..1],'-']]]));

