MBT("2.Alt(9)",3,
"(no info text)",
[4,4,4],
[4],
[[19,21..23]],
[],
[[[1,-1,2],[1,0,0],[-1,1,-1]]],
[["Alt(9)",0]],
0,
0,
rec(CharacterParameters:=[[1,[9]],[1,[8,1]],[1,[7,2]],[1,[7,1,1]],[1,[6,3]],[1
,[6,2,1]],[1,[5,3..1]],[1,[5,2,1,1]],[2,[[5,3..1],'0']],[2,[[4,3..2],'0']],[2,
[[3,3,2,1],'0']]]));

MBT("2.Alt(9)",5,
"(no info text)",
[12,9,11,10,8,8,9,8,8],
[1,1,0,0,0],
[],
[[[3,4],[3,5],[2,3],[1,3]],[[3,4],[1..3]]],
[],
[["Alt(9)",0]],
0,
0,
rec(CharacterParameters:=[[1,[9]],[1,[8,1]],[1,[7,2]],[1,[7,1,1]],[1,[6,3]],[1
,[6,2,1]],[1,[6,1,1,1]],[1,[5,4]],[1,[5,3..1]],[1,[5,2,2]],[1,[5,2,1,1]],[1,[[
5,1,1,1,1],'+']],[1,[[5,1,1,1,1],'-']],[1,[4,4,1]],[2,[[7,2],'0']],[2,[[6,3],
'0']],[2,[[6,2,1],'+']],[2,[[6,2,1],'-']],[2,[[5,4],'+']],[2,[[5,4],'-']],[2,[
[5,3..1],'0']],[2,[[4,3..2],'+']],[2,[[4,3..2],'-']]]));

MBT("2.Alt(9)",7,
"(no info text)",
[18,13,13,17,13,13,16,15,14,13,13],
[1,0,0,0,0,0],
[],
[[[5,6],[5,7],[4,5],[3,5],[2,3],[1,4]]],
[],
[["Alt(9)",0]],
0,
0,
rec(CharacterParameters:=[[1,[9]],[1,[8,1]],[1,[7,2]],[1,[7,1,1]],[1,[6,3]],[1
,[6,2,1]],[1,[6,1,1,1]],[1,[5,4]],[1,[5,3..1]],[1,[5,2,2]],[1,[5,2,1,1]],[1,[[
5,1,1,1,1],'+']],[1,[[5,1,1,1,1],'-']],[1,[4,4,1]],[1,[4,3..2]],[1,[[3,3,3],
'+']],[1,[[3,3,3],'-']],[2,[[8,1],'0']],[2,[[7,2],'+']],[2,[[7,2],'-']],[2,[[6
,3],'0']],[2,[[6,2,1],'+']],[2,[[6,2,1],'-']],[2,[[5,4],'0']],[2,[[5,3..1],'+'
]],[2,[[5,3..1],'-']],[2,[[4,3..2],'+']],[2,[[4,3..2],'-']]]));

