MBT("2.Alt(6)",3,
"(no info text)",
[3,3,3,3],
[2],
[[8..11]],
[],
[[[-1,0,1,0],[-1,1,0,0],[0,0,1,-1],[1,0,-1,1]]],
[["Alt(6)",0]],
0,
0,
rec(CharacterParameters:=[[1,[6]],[1,[5,1]],[1,[4,2]],[1,[[4,1,1],'+']],[1,[[4
,1,1],'-']],[2,[[4,2],'+']],[2,[[4,2],'-']],[2,[[3,2..1],'+']],[2,[[3,2..1],
'-']]]));

MBT("2.Alt(6)",5,
"(no info text)",
[5,7,6,5],
[1,0,0],
[],
[[[2..4],[1..3]]],
[],
[["Alt(6)",0]],
0,
0,
rec(CharacterParameters:=[[1,[6]],[1,[5,1]],[1,[4,2]],[1,[4,1,1]],[1,[3,3]],[2
,[[5,1],'0']],[2,[[4,2],'+']],[2,[[4,2],'-']],[2,[[3,2..1],'0']]]));

MBT("2.Alt(6)",7,
"(no info text)",
[1..13],
[0,0,0,0,0,0,0,0,0,0,0,0,0],
[],
[],
[],
0,
0,
0,
rec(CharacterParameters:=[[1,[6]],[1,[5,1]],[1,[4,2]],[1,[4,1,1]],[1,[3,3]],[1
,[[3,2..1],'+']],[1,[[3,2..1],'-']],[2,[[3,2..1],'0']],[2,[[4,2],'+']],[2,[[4,
2],'-']],[2,[[5,1],'+']],[2,[[5,1],'-']],[2,[[6],'0']]]));

