MBT("2.Sym(13)",3,
"(no info text)",
[6,7,7,6,6,7,7,6,6],
[5,2],
[[102,104,110,111,112],[107,116,117,124]],
[],
[[[8,-6,2,-1,2],[-2,2,-1,1,0],[1,0,0,0,0],[-4,3,-1,1,-2],[2,-2,1,-1,1]],[[0,0,
1,0],[0,1,0,0],[0,0,0,1],[1,-1,-1,-1]]],
[["Sym(13)",0]],
0,
0,
rec(CharacterParameters:=[[1,[13]],[1,[12,1]],[1,[11,2]],[1,[11,1,1]],[1,[10,3
]],[1,[10,2,1]],[1,[9,4]],[1,[9,3,1]],[1,[9,2,2]],[1,[9,2,1,1]],[1,[8,5]],[1,[
8,4,1]],[1,[8,3,2]],[1,[8,3,1,1]],[1,[8,2,2,1]],[1,[7,6]],[1,[7,5,1]],[1,[7,4,
2]],[1,[7,4,1,1]],[1,[7,3,3]],[1,[7,3,2,1]],[1,[7,2,2,1,1]],[1,[6,6,1]],[1,[6,
5,2]],[1,[6,5,1,1]],[1,[6,4,3]],[1,[6,4,2,1]],[1,[6,3,3,1]],[1,[6,3,2,2]],[1,[
6,3,2,1,1]],[1,[5,5,3]],[1,[5,5,2,1]],[1,[5,4,4]],[1,[5,4,3,1]],[1,[5,4,2,2]],
[1,[5,4,2,1,1]],[1,[5,3,3,2]],[1,[5,3,3,1,1]],[1,[5,3,2,2,1]],[1,[4,4,3,2]],[1
,[4,4,3,1,1]],[1,[4,4,2,2,1]],[1,[4,3,3,2,1]],[1,[4,3,2,2,1,1]],[2,[[7,4,2],
'0']],[2,[[6,5,2],'+']],[2,[[6,5,2],'-']],[2,[[6,4,2,1],'0']],[2,[[5,4,3,1],
'0']],[2,[[5,3,3,2],'+']],[2,[[5,3,3,2],'-']],[2,[[4,3,3,2,1],'0']],[2,[[3,3,3
,3,1],'0']]]));

MBT("2.Sym(13)",5,
"(no info text)",
[21,20,17,17,18,18,19,18,18,18,18,17,18,18,17,18,18,17],
[2,2,0,0,0],
[[102,106,114,115,116],[104,105,107,108,109,111,112,113,124,126]],
[],
[[[-1,0,1,-1,2],[2,-1,-1,2,-2],[-2,1,2,-2,2],[0,0,-1,1,-1],[1,0,0,0,0]],[[0,0,
0,1,1,-1,1,1,1,1],[-1,-1,1,0,0,0,1,1,-1,-1],[1,0,-1,-1,0,1,-1,-1,0,0],[0,1,-1,
0,-1,1,-1,-1,0,0],[0,0,0,-1,-1,1,-1,-1,0,-1],[0,0,0,0,0,0,0,0,0,1],[0,-1,1,1,1
,-1,1,1,0,0],[-1,0,1,1,1,-1,1,1,0,0],[0,0,0,-1,-1,1,-1,0,-1,-1],[1,1,-1,0,0,0,
0,-1,1,1]]],
[["Sym(13)",0]],
0,
0,
rec(CharacterParameters:=[[1,[13]],[1,[12,1]],[1,[11,2]],[1,[11,1,1]],[1,[10,3
]],[1,[10,2,1]],[1,[10,1,1,1]],[1,[9,4]],[1,[9,3,1]],[1,[9,2,2]],[1,[9,2,1,1]]
,[1,[9,1,1,1,1]],[1,[8,5]],[1,[8,4,1]],[1,[8,3,2]],[1,[8,3,1,1]],[1,[8,2,2,1]]
,[1,[8,2,1,1,1]],[1,[7,6]],[1,[7,5,1]],[1,[7,4,2]],[1,[7,4,1,1]],[1,[7,3,3]],[
1,[7,3,2,1]],[1,[7,3,1,1,1]],[1,[7,2,2,2]],[1,[7,2,2,1,1]],[1,[7,2,1,1,1,1]],[
1,[6,6,1]],[1,[6,5,2]],[1,[6,5,1,1]],[1,[6,4,3]],[1,[6,4,2,1]],[1,[6,4,1,1,1]]
,[1,[6,3,3,1]],[1,[6,3,2,2]],[1,[6,3,2,1,1]],[1,[6,3,1,1,1,1]],[1,[6,2,2,2,1]]
,[1,[6,2,2,1,1,1]],[1,[5,5,3]],[1,[5,5,2,1]],[1,[5,5,1,1,1]],[1,[5,4,4]],[1,[5
,4,3,1]],[1,[5,4,2,2]],[1,[5,4,2,1,1]],[1,[5,4,1,1,1,1]],[1,[5,3,3,2]],[1,[5,3
,3,1,1]],[1,[5,3,2,2,1]],[1,[5,3,2,1,1,1]],[1,[5,2,2,2,2]],[1,[5,2,2,2,1,1]],[
1,[5,2,2,1,1,1,1]],[1,[4,4,4,1]],[1,[4,4,3,2]],[1,[4,4,3,1,1]],[1,[4,4,2,2,1]]
,[1,[4,4,2,1,1,1]],[1,[4,3,3,3]],[1,[4,3,3,2,1]],[1,[4,3,3,1,1,1]],[1,[4,3,2,2
,2]],[1,[4,3,2,2,1,1]],[1,[4,3,2,1,1,1,1]],[1,[4,2,2,2,2,1]],[1,[4,2,2,2,1,1,1
]],[1,[3,3,3,3,1]],[1,[3,3,3,2,2]],[1,[3,3,3,2,1,1]],[1,[3,3,3,1,1,1,1]],[1,[3
,3,2,2,2,1]],[1,[3,3,2,2,1,1,1]],[1,[3,2,2,2,2,1,1]],[1,[3,2,2,2,1,1,1,1]],[2,
[[9,4],'+']],[2,[[9,4],'-']],[2,[[8,4,1],'0']],[2,[[8,3,2],'0']],[2,[[7,5,1],
'+']],[2,[[7,5,1],'-']],[2,[[7,4,2],'0']],[2,[[7,3,2,1],'+']],[2,[[7,3,2,1],
'-']],[2,[[6,5,2],'+']],[2,[[6,5,2],'-']],[2,[[6,4,3],'0']],[2,[[6,4,2,1],'+']
],[2,[[6,4,2,1],'-']],[2,[[5,5,3],'0']],[2,[[5,5,2,1],'+']],[2,[[5,5,2,1],'-']
],[2,[[5,4,3,1],'0']]]));

MBT("2.Sym(13)",7,
"(no info text)",
[42,41,37,37,39,36,36,40,39,38,36,36,37,37,39,38,38,37,37,36,36],
[1,1,1,1,0,0,0],
[],
[[[5,7],[4,6],[3,5],[3,4],[2,3],[1,3]],[[4,6],[5,7],[3,5],[3,4],[1,3],[2,3]],[
[3..5],[2..4],[1,2]],[[4,5],[3,4],[1..3]]],
[],
[["Sym(13)",0]],
0,
0,
rec(CharacterParameters:=[[1,[13]],[1,[12,1]],[1,[11,2]],[1,[11,1,1]],[1,[10,3
]],[1,[10,2,1]],[1,[10,1,1,1]],[1,[9,4]],[1,[9,3,1]],[1,[9,2,2]],[1,[9,2,1,1]]
,[1,[9,1,1,1,1]],[1,[8,5]],[1,[8,4,1]],[1,[8,3,2]],[1,[8,3,1,1]],[1,[8,2,2,1]]
,[1,[8,2,1,1,1]],[1,[8,1,1,1,1,1]],[1,[7,6]],[1,[7,5,1]],[1,[7,4,2]],[1,[7,4,1
,1]],[1,[7,3,3]],[1,[7,3,2,1]],[1,[7,3,1,1,1]],[1,[7,2,2,2]],[1,[7,2,2,1,1]],[
1,[7,2,1,1,1,1]],[1,[7,1,1,1,1,1,1]],[1,[6,6,1]],[1,[6,5,2]],[1,[6,5,1,1]],[1,
[6,4,3]],[1,[6,4,2,1]],[1,[6,4,1,1,1]],[1,[6,3,3,1]],[1,[6,3,2,2]],[1,[6,3,2,1
,1]],[1,[6,3,1,1,1,1]],[1,[6,2,2,2,1]],[1,[6,2,2,1,1,1]],[1,[6,2,1,1,1,1,1]],[
1,[5,5,3]],[1,[5,5,2,1]],[1,[5,5,1,1,1]],[1,[5,4,4]],[1,[5,4,3,1]],[1,[5,4,2,2
]],[1,[5,4,2,1,1]],[1,[5,4,1,1,1,1]],[1,[5,3,3,2]],[1,[5,3,3,1,1]],[1,[5,3,2,2
,1]],[1,[5,3,2,1,1,1]],[1,[5,3,1,1,1,1,1]],[1,[5,2,2,2,2]],[1,[5,2,2,2,1,1]],[
1,[5,2,2,1,1,1,1]],[1,[5,2,1,1,1,1,1,1]],[1,[4,4,4,1]],[1,[4,4,3,2]],[1,[4,4,3
,1,1]],[1,[4,4,2,2,1]],[1,[4,4,2,1,1,1]],[1,[4,4,1,1,1,1,1]],[1,[4,3,3,3]],[1,
[4,3,3,2,1]],[1,[4,3,3,1,1,1]],[1,[4,3,2,2,2]],[1,[4,3,2,2,1,1]],[1,[4,3,2,1,1
,1,1]],[1,[4,3,1,1,1,1,1,1]],[1,[4,2,2,2,2,1]],[1,[4,2,2,2,1,1,1]],[1,[4,2,2,1
,1,1,1,1]],[1,[3,3,3,3,1]],[1,[3,3,3,2,2]],[1,[3,3,3,2,1,1]],[1,[3,3,3,1,1,1,1
]],[1,[3,3,2,2,2,1]],[1,[3,3,2,2,1,1,1]],[1,[3,3,2,1,1,1,1,1]],[1,[3,2,2,2,2,2
]],[1,[3,2,2,2,2,1,1]],[1,[3,2,2,2,1,1,1,1]],[1,[3,2,2,1,1,1,1,1,1]],[1,[2,2,2
,2,2,2,1]],[1,[2,2,2,2,2,1,1,1]],[1,[2,2,2,2,1,1,1,1,1]],[2,[[10,3],'+']],[2,[
[10,3],'-']],[2,[[9,4],'+']],[2,[[9,4],'-']],[2,[[9,3,1],'0']],[2,[[8,5],'+']]
,[2,[[8,5],'-']],[2,[[8,4,1],'0']],[2,[[8,3,2],'0']],[2,[[7,6],'0']],[2,[[7,5,
1],'+']],[2,[[7,5,1],'-']],[2,[[7,4,2],'+']],[2,[[7,4,2],'-']],[2,[[7,3,2,1],
'0']],[2,[[6,5,2],'0']],[2,[[6,4,3],'0']],[2,[[6,4,2,1],'+']],[2,[[6,4,2,1],
'-']],[2,[[5,4,3,1],'+']],[2,[[5,4,3,1],'-']]]));

