MBT("2.Alt(14)",3,
"(no info text)",
[5,6,6,5,6,6,5,5,6,6,5],
[5,4],
[[73,77,83,88,89],[75,80,81,84,96,103]],
[],
[[[-4,2,-1,2,-2],[-3,2,-1,1,0],[1,0,0,0,0],[-5,3,-1,1,-2],[3,-2,1,-1,1]],[[1,0
,-1,1,0,0],[1,-1,0,1,0,0],[0,0,0,0,1,-1],[3,-1,-1,1,-1,1],[-2,1,1,-1,0,-1],[0,
0,0,0,0,1]]],
[["Alt(14)",0]],
0,
0,
rec(CharacterParameters:=[[1,[14]],[1,[13,1]],[1,[12,2]],[1,[12,1,1]],[1,[11,3
]],[1,[11,2,1]],[1,[10,4]],[1,[10,3,1]],[1,[10,2,2]],[1,[10,2,1,1]],[1,[9,5]],
[1,[9,4,1]],[1,[9,3,2]],[1,[9,3,1,1]],[1,[9,2,2,1]],[1,[8,6]],[1,[8,5,1]],[1,[
8,4,2]],[1,[8,4,1,1]],[1,[8,3,3]],[1,[8,3,2,1]],[1,[8,2,2,1,1]],[1,[7,5,2]],[1
,[7,5,1,1]],[1,[7,4,2,1]],[1,[[7,3,3,1],'+']],[1,[[7,3,3,1],'-']],[1,[7,3,2,2]
],[1,[6,4,2,2]],[1,[6,4,2,1,1]],[2,[[7,5,2],'0']],[2,[[7,4,2,1],'+']],[2,[[7,4
,2,1],'-']],[2,[[6,5,2,1],'0']],[2,[[6,4,3,1],'+']],[2,[[6,4,3,1],'-']],[2,[[5
,4..2],'0']],[2,[[5,3,3,2,1],'0']],[2,[[4,3,3,3,1],'+']],[2,[[4,3,3,3,1],'-']]
,[2,[[3,3,3,3,2],'0']]]));

MBT("2.Alt(14)",5,
"(no info text)",
[12,13,13,12,13,13,14,15,15,12,15,15,13,13,14,13,13,12,13,13,12],
[2,2,1,1],
[[73,82,87,92,93],[75,76,79,85,86,88,89,90,99,103]],
[,,[[3,4],[1..3]],[[3,5],[3,4],[1,3],[2,3]]],
[[[0,-1,1,-1,2],[1,-1,1,0,0],[0,-1,2,-2,2],[-1,1,-1,1,-1],[1,0,0,0,0]],[[-1,-1
,1,0,0,0,1,1,-1,-1],[0,0,0,1,1,-1,1,1,1,1],[1,0,-1,0,-1,1,-1,-1,0,0],[0,1,-1,
-1,0,1,-1,-1,0,0],[0,0,0,-1,-1,1,-1,-1,0,-1],[0,0,0,0,0,0,0,0,0,1],[0,-1,1,1,1
,-1,1,1,0,0],[-1,0,1,1,1,-1,1,1,0,0],[1,1,-1,0,0,0,0,-1,1,1],[0,0,0,-1,-1,1,-1
,0,-1,-1]]],
[["Alt(14)",0]],
0,
0,
rec(CharacterParameters:=[[1,[14]],[1,[13,1]],[1,[12,2]],[1,[12,1,1]],[1,[11,3
]],[1,[11,2,1]],[1,[11,1,1,1]],[1,[10,4]],[1,[10,3,1]],[1,[10,2,2]],[1,[10,2,1
,1]],[1,[10,1,1,1,1]],[1,[9,5]],[1,[9,4,1]],[1,[9,3,2]],[1,[9,3,1,1]],[1,[9,2,
2,1]],[1,[9,2,1,1,1]],[1,[8,6]],[1,[8,5,1]],[1,[8,4,2]],[1,[8,4,1,1]],[1,[8,3,
3]],[1,[8,3,2,1]],[1,[8,3,1,1,1]],[1,[8,2,2,2]],[1,[8,2,2,1,1]],[1,[8,2,1,1,1,
1]],[1,[7,7]],[1,[7,6,1]],[1,[7,5,2]],[1,[7,5,1,1]],[1,[7,4,3]],[1,[7,4,2,1]],
[1,[7,4,1,1,1]],[1,[7,3,3,1]],[1,[7,3,2,2]],[1,[7,3,2,1,1]],[1,[7,3,1,1,1,1]],
[1,[[7,2,2,1,1,1],'+']],[1,[[7,2,2,1,1,1],'-']],[1,[6,6,2]],[1,[6,6,1,1]],[1,[
6,5,3]],[1,[6,5,2,1]],[1,[6,5,1,1,1]],[1,[6,4,3,1]],[1,[6,4,2,1,1]],[1,[6,4,1,
1,1,1]],[1,[[6,3,3,1,1],'+']],[1,[[6,3,3,1,1],'-']],[1,[5,5,2,2]],[1,[5,5,2,1,
1]],[2,[[9,4,1],'0']],[2,[[8,5,1],'+']],[2,[[8,5,1],'-']],[2,[[8,4,2],'0']],[2
,[[8,3,2,1],'+']],[2,[[8,3,2,1],'-']],[2,[[7,6,1],'0']],[2,[[7,5,2],'+']],[2,[
[7,5,2],'-']],[2,[[7,4,3],'0']],[2,[[7,4,2,1],'+']],[2,[[7,4,2,1],'-']],[2,[[6
,5,3],'+']],[2,[[6,5,3],'-']],[2,[[6,5,2,1],'0']],[2,[[6,4,3,1],'+']],[2,[[6,4
,3,1],'-']],[2,[[5,5,4],'0']],[2,[[5,5,3,1],'+']],[2,[[5,5,3,1],'-']],[2,[[5,4
..2],'0']]]));

MBT("2.Alt(14)",7,
"(no info text)",
[28,28,35,28,28,30,34,28,28,33,30,31,32,28,28,28,28,28,28,30,29,28,28,28,28,28
,28],
[2,0,1,0,0,0,0,0],
[[73,74,75,76,77,78,82,83,84,89,90,93,94,96,97,99,101,103]],
[,,[[4,5],[3,4],[1..3]]],
[[[-1,-1,1,1,-1,-1,-1,1,-1,1,0,-1,0,0,1,0,0,0],[-1,-1,1,1,-1,-1,-1,1,-1,0,1,0,
-1,1,0,0,0,0],[0,0,0,0,1,1,0,-1,1,0,-1,0,1,0,1,-1,0,0],[1,1,-1,-1,1,1,1,-1,1,
-1,0,1,0,0,-1,1,0,0],[-1,-1,1,1,-1,-1,-1,1,-1,1,0,-1,0,0,1,-1,1,0],[1,1,0,0,0,
0,0,0,-1,0,1,1,0,0,-1,1,-1,0],[-1,-1,1,1,-1,-1,0,0,0,1,0,-1,0,0,1,-1,1,-1],[1,
1,-1,-1,1,1,1,-1,1,-1,0,1,0,0,-1,1,-1,1],[-2,-2,1,1,-1,-1,-1,1,0,0,0,-1,0,0,1,
-1,1,0],[0,0,0,0,0,0,0,0,0,0,0,1,0,0,-1,1,-1,0],[1,1,-1,-1,0,0,1,0,0,0,0,0,0,0
,-1,1,0,0],[0,0,0,0,0,0,0,0,0,0,0,0,0,0,1,-1,0,0],[0,1,-1,0,0,1,0,0,0,0,0,0,0,
0,0,0,0,0],[1,0,0,-1,1,0,0,0,0,0,0,0,0,0,0,0,0,0],[-1,0,0,1,0,0,0,0,0,0,0,0,0,
0,0,0,0,0],[0,-1,1,0,0,0,0,0,0,0,0,0,0,0,0,0,0,0],[0,1,0,0,0,0,0,0,0,0,0,0,0,0
,0,0,0,0],[1,0,0,0,0,0,0,0,0,0,0,0,0,0,0,0,0,0]]],
[["Alt(14)",0]],
0,
0,
rec(CharacterParameters:=[[1,[14]],[1,[13,1]],[1,[12,2]],[1,[12,1,1]],[1,[11,3
]],[1,[11,2,1]],[1,[11,1,1,1]],[1,[10,4]],[1,[10,3,1]],[1,[10,2,2]],[1,[10,2,1
,1]],[1,[10,1,1,1,1]],[1,[9,5]],[1,[9,4,1]],[1,[9,3,2]],[1,[9,3,1,1]],[1,[9,2,
2,1]],[1,[9,2,1,1,1]],[1,[9,1,1,1,1,1]],[1,[8,6]],[1,[8,5,1]],[1,[8,4,2]],[1,[
8,4,1,1]],[1,[8,3,3]],[1,[8,3,2,1]],[1,[8,3,1,1,1]],[1,[8,2,2,2]],[1,[8,2,2,1,
1]],[1,[8,2,1,1,1,1]],[1,[[8,1,1,1,1,1,1],'+']],[1,[[8,1,1,1,1,1,1],'-']],[1,[
7,7]],[1,[7,6,1]],[1,[7,5,2]],[1,[7,5,1,1]],[1,[7,4,3]],[1,[7,4,2,1]],[1,[7,4,
1,1,1]],[1,[7,3,3,1]],[1,[7,3,2,2]],[1,[7,3,2,1,1]],[1,[[7,3,1,1,1,1],'+']],[1
,[[7,3,1,1,1,1],'-']],[1,[7,2,2,2,1]],[1,[7,2,2,1,1,1]],[1,[6,6,2]],[1,[6,6,1,
1]],[1,[6,5,3]],[1,[6,5,2,1]],[1,[6,5,1,1,1]],[1,[6,4,4]],[1,[6,4,3,1]],[1,[6,
4,2,2]],[1,[[6,4,2,1,1],'+']],[1,[[6,4,2,1,1],'-']],[1,[6,4,1,1,1,1]],[1,[6,3,
3,2]],[1,[6,3,3,1,1]],[1,[6,3,2,2,1]],[1,[6,2,2,2,2]],[1,[5,5,4]],[1,[5,5,3,1]
],[1,[5,5,2,1,1]],[1,[5,4,4,1]],[2,[[10,4],'+']],[2,[[10,4],'-']],[2,[[10,3,1]
,'0']],[2,[[9,5],'+']],[2,[[9,5],'-']],[2,[[9,4,1],'0']],[2,[[9,3,2],'0']],[2,
[[8,6],'+']],[2,[[8,6],'-']],[2,[[8,5,1],'0']],[2,[[8,4,2],'0']],[2,[[8,3,2,1]
,'+']],[2,[[8,3,2,1],'-']],[2,[[7,6,1],'+']],[2,[[7,6,1],'-']],[2,[[7,5,2],'+'
]],[2,[[7,5,2],'-']],[2,[[7,4,3],'+']],[2,[[7,4,3],'-']],[2,[[7,4,2,1],'0']],[
2,[[6,5,3],'0']],[2,[[6,5,2,1],'+']],[2,[[6,5,2,1],'-']],[2,[[6,4,3,1],'+']],[
2,[[6,4,3,1],'-']],[2,[[5,4..2],'+']],[2,[[5,4..2],'-']]]));

