MBT("2.Alt(12)",3,
"(no info text)",
[6,5,5,5,5,5,5,5,5,5,5],
[5,0],
[[44,45,46,49,50,53,54,56,61,63]],
[],
[[[1,1,-4,1,-1,1,0,0,0,0],[1,1,-4,1,-1,0,1,0,0,0],[-1,0,3,-1,1,0,0,0,0,0],[0,
-1,3,-1,1,0,0,0,0,0],[0,0,0,0,0,0,0,0,1,-1],[1,1,-3,1,-1,0,0,0,-1,1],[0,0,2,-1
,1,1,0,-1,1,0],[-1,-1,2,0,1,-2,-1,1,-1,0],[0,0,0,0,0,1,0,-1,1,-1],[0,0,-2,1,-1
,-1,0,1,-1,1]]],
[["Alt(12)",0]],
0,
0,
rec(CharacterParameters:=[[1,[12]],[1,[11,1]],[1,[10,2]],[1,[10,1,1]],[1,[9,3]
],[1,[9,2,1]],[1,[8,4]],[1,[8,3,1]],[1,[8,2,2]],[1,[8,2,1,1]],[1,[7,5]],[1,[7,
4..1]],[1,[[7,3,2],'+']],[1,[[7,3,2],'-']],[1,[7,3,1,1]],[1,[7,2,2,1]],[1,[6,4
..2]],[1,[6,4,1,1]],[1,[[6,3,2,1],'+']],[1,[[6,3,2,1],'-']],[1,[6,2,2,1,1]],[2
,[[7,4..1],'0']],[2,[[6,4..2],'+']],[2,[[6,4..2],'-']],[2,[[5,4,2,1],'+']],[2,
[[5,4,2,1],'-']],[2,[[5,3,3,1],'+']],[2,[[5,3,3,1],'-']],[2,[[4,3,3,2],'+']],[
2,[[4,3,3,2],'-']],[2,[[3,3,3,2,1],'+']],[2,[[3,3,3,2,1],'-']]]));

MBT("2.Alt(12)",5,
"(no info text)",
[15,15,17,14,14,16,16,14,16,16,14,15,15,14],
[2,1,1,0],
[[44,49,51,52,53]],
[,[[2,4],[3,5],[1,2],[1,3]],[[3,4],[3,5],[1,3],[2,3]]],
[[[-1,0,1,-1,2],[2,-1,-1,2,-2],[-2,1,2,-2,2],[0,0,-1,1,-1],[1,0,0,0,0]]],
[["Alt(12)",0]],
0,
0,
rec(CharacterParameters:=[[1,[12]],[1,[11,1]],[1,[10,2]],[1,[10,1,1]],[1,[9,3]
],[1,[9,2,1]],[1,[9,1,1,1]],[1,[8,4]],[1,[8,3,1]],[1,[8,2,2]],[1,[8,2,1,1]],[1
,[8,1,1,1,1]],[1,[7,5]],[1,[7,4..1]],[1,[7,3,2]],[1,[7,3,1,1]],[1,[7,2,2,1]],[
1,[7,2,1,1,1]],[1,[6,6]],[1,[6,5,1]],[1,[6,4..2]],[1,[6,4,1,1]],[1,[6,3,3]],[1
,[6,3,2,1]],[1,[6,2,2,2]],[1,[[6,2,1,1,1,1],'+']],[1,[[6,2,1,1,1,1],'-']],[1,[
5,5,2]],[1,[5,5,1,1]],[1,[5,4,2,1]],[1,[5,4,1,1,1]],[1,[[5,3,2,1,1],'+']],[1,[
[5,3,2,1,1],'-']],[2,[[8,4],'+']],[2,[[8,4],'-']],[2,[[8,3,1],'0']],[2,[[7,4..
1],'0']],[2,[[7,3,2],'0']],[2,[[6,5,1],'+']],[2,[[6,5,1],'-']],[2,[[6,4..2],
'0']],[2,[[6,3,2,1],'+']],[2,[[6,3,2,1],'-']],[2,[[5,5,2],'0']],[2,[[5,4..3],
'+']],[2,[[5,4..3],'-']],[2,[[5,4,2,1],'0']]]));

MBT("2.Alt(12)",7,
"(no info text)",
[24,24,27,22,22,26,23,22,22,24,24,23,25,24,24,23,22,22],
[1,1,1,0,0,0],
[],
[[[4,6],[5,7],[3,4],[3,5],[2,3],[1,3]],[[3..5],[2..4],[1,2]],[[5,6],[4,7],[3,4
],[3,5],[1,3],[2,3]]],
[],
[["Alt(12)",0]],
0,
0,
rec(CharacterParameters:=[[1,[12]],[1,[11,1]],[1,[10,2]],[1,[10,1,1]],[1,[9,3]
],[1,[9,2,1]],[1,[9,1,1,1]],[1,[8,4]],[1,[8,3,1]],[1,[8,2,2]],[1,[8,2,1,1]],[1
,[8,1,1,1,1]],[1,[7,5]],[1,[7,4..1]],[1,[7,3,2]],[1,[7,3,1,1]],[1,[7,2,2,1]],[
1,[7,2,1,1,1]],[1,[7,1,1,1,1,1]],[1,[6,6]],[1,[6,5,1]],[1,[6,4..2]],[1,[6,4,1,
1]],[1,[6,3,3]],[1,[6,3,2,1]],[1,[6,3,1,1,1]],[1,[6,2,2,2]],[1,[6,2,2,1,1]],[1
,[[6,2,1,1,1,1],'+']],[1,[[6,2,1,1,1,1],'-']],[1,[5,5,2]],[1,[5,5,1,1]],[1,[5,
4..3]],[1,[5,4,2,1]],[1,[5,3,3,1]],[1,[[5,3,2,1,1],'+']],[1,[[5,3,2,1,1],'-']]
,[1,[4,4,4]],[2,[[9,3],'+']],[2,[[9,3],'-']],[2,[[9,2,1],'0']],[2,[[8,4],'+']]
,[2,[[8,4],'-']],[2,[[8,3,1],'0']],[2,[[7,5],'0']],[2,[[7,4..1],'+']],[2,[[7,4
..1],'-']],[2,[[7,3,2],'+']],[2,[[7,3,2],'-']],[2,[[6,5,1],'0']],[2,[[6,4..2],
'0']],[2,[[6,3,2,1],'+']],[2,[[6,3,2,1],'-']],[2,[[5,4..3],'0']],[2,[[5,4,2,1]
,'+']],[2,[[5,4,2,1],'-']]]));

