MBT("2.Sym(14)",3,
"(no info text)",
[7,7,8,7,7,8,7,7,7,7,8,7,7],
[5,4],
[[136,138,144,145,149,151,152,153,162,167],[141,142,146]],
[],
[[[-2,1,0,-1,0,1,1,-1,0,0],[-2,1,-1,0,0,1,1,-1,0,0],[-1,1,0,0,-1,0,1,0,0,0],[
-2,1,-1,-1,1,1,0,0,0,0],[1,0,1,0,-1,0,0,0,0,0],[0,0,-1,0,1,0,0,0,0,0],[-1,1,1,
0,-1,0,0,-1,-1,0],[-4,2,-2,-1,1,1,1,-1,1,0],[3,-2,1,1,0,-1,-1,1,0,-1],[0,0,0,0
,0,0,0,0,0,1]],[[1,-2,2],[2,-3,1],[-1,2,-1]]],
[["Sym(14)",0]],
0,
0,
rec(CharacterParameters:=[[1,[14]],[1,[13,1]],[1,[12,2]],[1,[12,1,1]],[1,[11,3
]],[1,[11,2,1]],[1,[10,4]],[1,[10,3,1]],[1,[10,2,2]],[1,[10,2,1,1]],[1,[9,5]],
[1,[9,4,1]],[1,[9,3,2]],[1,[9,3,1,1]],[1,[9,2,2,1]],[1,[8,6]],[1,[8,5,1]],[1,[
8,4,2]],[1,[8,4,1,1]],[1,[8,3,3]],[1,[8,3,2,1]],[1,[8,2,2,1,1]],[1,[7,7]],[1,[
7,6,1]],[1,[7,5,2]],[1,[7,5,1,1]],[1,[7,4,3]],[1,[7,4,2,1]],[1,[7,3,3,1]],[1,[
7,3,2,2]],[1,[7,3,2,1,1]],[1,[6,6,2]],[1,[6,6,1,1]],[1,[6,5,3]],[1,[6,5,2,1]],
[1,[6,4,4]],[1,[6,4,3,1]],[1,[6,4,2,2]],[1,[6,4,2,1,1]],[1,[6,3,3,2]],[1,[6,3,
3,1,1]],[1,[6,3,2,2,1]],[1,[5,5,4]],[1,[5,5,3,1]],[1,[5,5,2,2]],[1,[5,5,2,1,1]
],[1,[5,4,4,1]],[1,[5,4..2]],[1,[5,4,3,1,1]],[1,[5,4,2,2,1]],[1,[5,3,3,2,1]],[
1,[5,3,2,2,1,1]],[1,[4,4,3,3]],[1,[4,4,3,2,1]],[1,[4,4,2,2,1,1]],[1,[4,3,3,2,2
]],[1,[4,3,3,2,1,1]],[2,[[7,5,2],'+']],[2,[[7,5,2],'-']],[2,[[7,4,2,1],'0']],[
2,[[6,5,2,1],'+']],[2,[[6,5,2,1],'-']],[2,[[6,4,3,1],'0']],[2,[[5,4..2],'+']],
[2,[[5,4..2],'-']],[2,[[5,3,3,2,1],'+']],[2,[[5,3,3,2,1],'-']],[2,[[4,3,3,3,1]
,'0']],[2,[[3,3,3,3,2],'+']],[2,[[3,3,3,3,2],'-']]]));

MBT("2.Sym(14)",5,
"(no info text)",
[21,21,22,21,21,22,23,23,24,21,21,24,22,23,23,22,21,21,22,21,21],
[2,2,1,1],
[[136,142,143,149,150,154,156,157,158,167],[137,139,148,151,153]],
[,,[[3,4],[2,5],[1,3],[1,2]],[[2..4],[1..3]]],
[[[0,0,-1,1,0,0,-1,0,1,0],[0,-1,0,0,1,0,0,-1,1,0],[0,0,0,0,0,1,0,0,0,0],[1,-1,
-1,1,1,-1,0,0,0,0],[0,0,-1,1,1,0,-1,-1,1,0],[0,-1,0,1,1,0,-1,-1,1,0],[-1,1,1,
-1,-1,0,1,1,-1,-1],[0,0,0,0,0,0,0,0,0,1],[1,0,-1,1,0,-1,0,0,0,0],[0,0,1,-1,0,1
,0,0,0,0]],[[-1,1,1,-1,2],[1,-2,-1,2,-2],[0,0,-1,1,-1],[-1,2,2,-2,2],[1,-1,-1,
1,-1]]],
[["Sym(14)",0]],
0,
0,
rec(CharacterParameters:=[[1,[14]],[1,[13,1]],[1,[12,2]],[1,[12,1,1]],[1,[11,3
]],[1,[11,2,1]],[1,[11,1,1,1]],[1,[10,4]],[1,[10,3,1]],[1,[10,2,2]],[1,[10,2,1
,1]],[1,[10,1,1,1,1]],[1,[9,5]],[1,[9,4,1]],[1,[9,3,2]],[1,[9,3,1,1]],[1,[9,2,
2,1]],[1,[9,2,1,1,1]],[1,[8,6]],[1,[8,5,1]],[1,[8,4,2]],[1,[8,4,1,1]],[1,[8,3,
3]],[1,[8,3,2,1]],[1,[8,3,1,1,1]],[1,[8,2,2,2]],[1,[8,2,2,1,1]],[1,[8,2,1,1,1,
1]],[1,[7,7]],[1,[7,6,1]],[1,[7,5,2]],[1,[7,5,1,1]],[1,[7,4,3]],[1,[7,4,2,1]],
[1,[7,4,1,1,1]],[1,[7,3,3,1]],[1,[7,3,2,2]],[1,[7,3,2,1,1]],[1,[7,3,1,1,1,1]],
[1,[7,2,2,2,1]],[1,[7,2,2,1,1,1]],[1,[6,6,2]],[1,[6,6,1,1]],[1,[6,5,3]],[1,[6,
5,2,1]],[1,[6,5,1,1,1]],[1,[6,4,4]],[1,[6,4,3,1]],[1,[6,4,2,2]],[1,[6,4,2,1,1]
],[1,[6,4,1,1,1,1]],[1,[6,3,3,2]],[1,[6,3,3,1,1]],[1,[6,3,2,2,1]],[1,[6,3,2,1,
1,1]],[1,[6,2,2,2,2]],[1,[6,2,2,2,1,1]],[1,[6,2,2,1,1,1,1]],[1,[5,5,4]],[1,[5,
5,3,1]],[1,[5,5,2,2]],[1,[5,5,2,1,1]],[1,[5,5,1,1,1,1]],[1,[5,4,4,1]],[1,[5,4
..2]],[1,[5,4,3,1,1]],[1,[5,4,2,2,1]],[1,[5,4,2,1,1,1]],[1,[5,3,3,3]],[1,[5,3,
3,2,1]],[1,[5,3,3,1,1,1]],[1,[5,3,2,2,2]],[1,[5,3,2,2,1,1]],[1,[5,3,2,1,1,1,1]
],[1,[5,2,2,2,2,1]],[1,[5,2,2,2,1,1,1]],[1,[4,4,4,2]],[1,[4,4,4,1,1]],[1,[4,4,
3,3]],[1,[4,4,3,2,1]],[1,[4,4,3,1,1,1]],[1,[4,4,2,2,2]],[1,[4,4,2,2,1,1]],[1,[
4,4,2,1,1,1,1]],[1,[4,3,3,3,1]],[1,[4,3,3,2,2]],[1,[4,3,3,2,1,1]],[1,[4,3,3,1,
1,1,1]],[1,[4,3,2,2,2,1]],[1,[4,3,2,2,1,1,1]],[1,[4,2,2,2,2,1,1]],[1,[4,2,2,2,
1,1,1,1]],[1,[3,3,3,3,2]],[1,[3,3,3,3,1,1]],[1,[3,3,3,2,2,1]],[1,[3,3,3,2,1,1,
1]],[1,[3,3,2,2,2,2]],[1,[3,3,2,2,2,1,1]],[1,[3,3,2,2,1,1,1,1]],[1,[3,2,2,2,2,
1,1,1]],[2,[[9,4,1],'+']],[2,[[9,4,1],'-']],[2,[[8,5,1],'0']],[2,[[8,4,2],'+']
],[2,[[8,4,2],'-']],[2,[[8,3,2,1],'0']],[2,[[7,6,1],'+']],[2,[[7,6,1],'-']],[2
,[[7,5,2],'0']],[2,[[7,4,3],'+']],[2,[[7,4,3],'-']],[2,[[7,4,2,1],'0']],[2,[[6
,5,3],'0']],[2,[[6,5,2,1],'+']],[2,[[6,5,2,1],'-']],[2,[[6,4,3,1],'0']],[2,[[5
,5,4],'+']],[2,[[5,5,4],'-']],[2,[[5,5,3,1],'0']],[2,[[5,4..2],'+']],[2,[[5,4
..2],'-']]]));

MBT("2.Sym(14)",7,
"(no info text)",
[54,64,63,54,57,57,61,62,54,60,59,57,57,58,54,54,54,57,57,56,55,54,54,54],
[2,0,0,1,0,0,0,0,0,0,0],
[[136,137,138,142,144,146,153,158,161]],
[,,,[[4,6],[5,7],[2,5],[3,4],[1,3],[1,2]]],
[[[-2,2,-2,-2,2,-2,1,-1,1],[1,-1,2,1,-2,2,-1,1,0],[0,1,-1,-1,1,-2,1,0,0],[0,0,
0,1,-1,1,0,0,0],[-2,1,-1,-1,1,0,0,0,0],[1,-1,0,1,0,0,0,0,0],[1,-1,1,0,0,0,0,0,
0],[-1,1,0,0,0,0,0,0,0],[1,0,0,0,0,0,0,0,0]]],
[["Sym(14)",0]],
0,
0,
rec(CharacterParameters:=[[1,[14]],[1,[13,1]],[1,[12,2]],[1,[12,1,1]],[1,[11,3
]],[1,[11,2,1]],[1,[11,1,1,1]],[1,[10,4]],[1,[10,3,1]],[1,[10,2,2]],[1,[10,2,1
,1]],[1,[10,1,1,1,1]],[1,[9,5]],[1,[9,4,1]],[1,[9,3,2]],[1,[9,3,1,1]],[1,[9,2,
2,1]],[1,[9,2,1,1,1]],[1,[9,1,1,1,1,1]],[1,[8,6]],[1,[8,5,1]],[1,[8,4,2]],[1,[
8,4,1,1]],[1,[8,3,3]],[1,[8,3,2,1]],[1,[8,3,1,1,1]],[1,[8,2,2,2]],[1,[8,2,2,1,
1]],[1,[8,2,1,1,1,1]],[1,[8,1,1,1,1,1,1]],[1,[7,7]],[1,[7,6,1]],[1,[7,5,2]],[1
,[7,5,1,1]],[1,[7,4,3]],[1,[7,4,2,1]],[1,[7,4,1,1,1]],[1,[7,3,3,1]],[1,[7,3,2,
2]],[1,[7,3,2,1,1]],[1,[7,3,1,1,1,1]],[1,[7,2,2,2,1]],[1,[7,2,2,1,1,1]],[1,[7,
2,1,1,1,1,1]],[1,[6,6,2]],[1,[6,6,1,1]],[1,[6,5,3]],[1,[6,5,2,1]],[1,[6,5,1,1,
1]],[1,[6,4,4]],[1,[6,4,3,1]],[1,[6,4,2,2]],[1,[6,4,2,1,1]],[1,[6,4,1,1,1,1]],
[1,[6,3,3,2]],[1,[6,3,3,1,1]],[1,[6,3,2,2,1]],[1,[6,3,2,1,1,1]],[1,[6,3,1,1,1,
1,1]],[1,[6,2,2,2,2]],[1,[6,2,2,2,1,1]],[1,[6,2,2,1,1,1,1]],[1,[6,2,1,1,1,1,1,
1]],[1,[5,5,4]],[1,[5,5,3,1]],[1,[5,5,2,2]],[1,[5,5,2,1,1]],[1,[5,5,1,1,1,1]],
[1,[5,4,4,1]],[1,[5,4..2]],[1,[5,4,3,1,1]],[1,[5,4,2,2,1]],[1,[5,4,2,1,1,1]],[
1,[5,4,1,1,1,1,1]],[1,[5,3,3,3]],[1,[5,3,3,2,1]],[1,[5,3,3,1,1,1]],[1,[5,3,2,2
,2]],[1,[5,3,2,2,1,1]],[1,[5,3,2,1,1,1,1]],[1,[5,3,1,1,1,1,1,1]],[1,[5,2,2,2,2
,1]],[1,[5,2,2,2,1,1,1]],[1,[5,2,2,1,1,1,1,1]],[1,[4,4,4,2]],[1,[4,4,4,1,1]],[
1,[4,4,3,3]],[1,[4,4,3,2,1]],[1,[4,4,3,1,1,1]],[1,[4,4,2,2,2]],[1,[4,4,2,2,1,1
]],[1,[4,4,2,1,1,1,1]],[1,[4,4,1,1,1,1,1,1]],[1,[4,3,3,3,1]],[1,[4,3,3,2,2]],[
1,[4,3,3,2,1,1]],[1,[4,3,3,1,1,1,1]],[1,[4,3,2,2,2,1]],[1,[4,3,2,2,1,1,1]],[1,
[4,3,2,1,1,1,1,1]],[1,[4,2,2,2,2,2]],[1,[4,2,2,2,2,1,1]],[1,[4,2,2,2,1,1,1,1]]
,[1,[4,2,2,1,1,1,1,1,1]],[1,[3,3,3,3,2]],[1,[3,3,3,3,1,1]],[1,[3,3,3,2,2,1]],[
1,[3,3,3,2,1,1,1]],[1,[3,3,3,1,1,1,1,1]],[1,[3,3,2,2,2,2]],[1,[3,3,2,2,2,1,1]]
,[1,[3,3,2,2,1,1,1,1]],[1,[3,3,2,1,1,1,1,1,1]],[1,[3,2,2,2,2,2,1]],[1,[3,2,2,2
,2,1,1,1]],[1,[3,2,2,2,1,1,1,1,1]],[1,[2,2,2,2,2,2,1,1]],[1,[2,2,2,2,2,1,1,1,1
]],[1,[2,2,2,2,1,1,1,1,1,1]],[2,[[10,4],'0']],[2,[[10,3,1],'+']],[2,[[10,3,1],
'-']],[2,[[9,5],'0']],[2,[[9,4,1],'+']],[2,[[9,4,1],'-']],[2,[[9,3,2],'+']],[2
,[[9,3,2],'-']],[2,[[8,6],'0']],[2,[[8,5,1],'+']],[2,[[8,5,1],'-']],[2,[[8,4,2
],'+']],[2,[[8,4,2],'-']],[2,[[8,3,2,1],'0']],[2,[[7,6,1],'0']],[2,[[7,5,2],
'0']],[2,[[7,4,3],'0']],[2,[[7,4,2,1],'+']],[2,[[7,4,2,1],'-']],[2,[[6,5,3],
'+']],[2,[[6,5,3],'-']],[2,[[6,5,2,1],'0']],[2,[[6,4,3,1],'0']],[2,[[5,4..2],
'0']]]));

