MBT("2.Sym(7)",3,
"(no info text)",
[6,5,4,4],
[2,0,0],
[[16,17]],
[],
[[[-1,2],[1,-1]]],
[["Sym(7)",0]],
0,
0,
rec(CharacterParameters:=[[1,[7]],[1,[6,1]],[1,[5,2]],[1,[5,1,1]],[1,[4,3]],[1
,[4,2,1]],[1,[3,3,1]],[1,[3,2,2]],[1,[3,2,1,1]],[2,[[5,2],'+']],[2,[[5,2],'-']
],[2,[[4,2,1],'0']],[2,[[3,3,1],'0']]]));

MBT("2.Sym(7)",5,
"(no info text)",
[12,11,8,10,9,8],
[1,0,0,0,0],
[],
[[[2..4],[1..3]]],
[],
[["Sym(7)",0]],
0,
0,
rec(CharacterParameters:=[[1,[7]],[1,[6,1]],[1,[5,2]],[1,[5,1,1]],[1,[4,3]],[1
,[4,2,1]],[1,[4,1,1,1]],[1,[3,3,1]],[1,[3,2,2]],[1,[3,2,1,1]],[1,[3,1,1,1,1]],
[1,[2,2,2,1]],[1,[2,2,1,1,1]],[2,[[6,1],'+']],[2,[[6,1],'-']],[2,[[5,2],'0']],
[2,[[4,3],'+']],[2,[[4,3],'-']],[2,[[4,2,1],'0']]]));

MBT("2.Sym(7)",7,
"(no info text)",
[11,11,11,11,11,11,10],
[0,1],
[],
[,[[6,7],[5,7],[4,5],[3,6],[2,3],[1,4]]],
[],
[["Sym(7)",0]],
0,
0,
rec(CharacterParameters:=[[1,[7]],[1,[6,1]],[1,[5,2]],[1,[5,1,1]],[1,[4,3]],[1
,[4,2,1]],[1,[4,1,1,1]],[1,[3,3,1]],[1,[3,2,2]],[1,[3,2,1,1]],[1,[3,1,1,1,1]],
[1,[2,2,2,1]],[1,[2,2,1,1,1]],[1,[2,1,1,1,1,1]],[2,[[6,1],'+']],[2,[[6,1],'-']
],[2,[[5,2],'+']],[2,[[5,2],'-']],[2,[[4,3],'+']],[2,[[4,3],'-']],[2,[[4,2,1],
'0']]]));

