MBT("2.Sym(16)",3,
"(no info text)",
[10,9,9,9,9,9,9,10,9,9,9,9,10,9,9,9,9],
[6,4],
[[232,235,236,237,238,240,249,250,258,260,262,267,273,278],[244,245,247]],
[],
[[[0,0,-1,1,-1,-1,0,1,-1,0,1,-1,1,0],[0,1,1,-1,1,0,2,1,-1,0,-1,1,-1,0],[0,0,1,
0,0,0,0,0,0,0,0,-1,1,0],[-2,1,1,-1,0,1,0,0,0,0,0,1,-1,0],[0,0,-1,1,-1,-1,0,1,0
,0,0,0,0,0],[1,0,0,0,1,-1,1,0,0,0,0,0,0,0],[-1,1,0,-1,-1,1,0,0,0,1,0,1,-1,0],[
1,0,1,0,1,0,0,0,0,-1,0,-1,1,0],[-1,0,-1,1,0,-1,-1,0,-1,0,1,-1,0,0],[0,1,0,0,0,
-1,2,1,-1,0,-1,1,0,0],[1,-1,-1,1,0,-1,-1,0,0,0,1,-1,1,0],[0,0,0,0,0,0,1,0,0,0,
-1,1,-1,0],[0,0,0,0,0,0,0,0,0,0,0,0,0,1],[-1,0,1,-1,0,2,-1,-1,1,0,0,0,0,-1]],[
[1,-2,2],[2,-3,1],[-1,2,-1]]],
[["Sym(16)",0]],
0,
0,
rec(CharacterParameters:=[[1,[16]],[1,[15,1]],[1,[14,2]],[1,[14,1,1]],[1,[13,3
]],[1,[13,2,1]],[1,[12,4]],[1,[12,3,1]],[1,[12,2,2]],[1,[12,2,1,1]],[1,[11,5]]
,[1,[11,4,1]],[1,[11,3,2]],[1,[11,3,1,1]],[1,[11,2,2,1]],[1,[10,6]],[1,[10,5,1
]],[1,[10,4,2]],[1,[10,4,1,1]],[1,[10,3,3]],[1,[10,3,2,1]],[1,[10,2,2,1,1]],[1
,[9,7]],[1,[9,6,1]],[1,[9,5,2]],[1,[9,5,1,1]],[1,[9,4,3]],[1,[9,4,2,1]],[1,[9,
3,3,1]],[1,[9,3,2,2]],[1,[9,3,2,1,1]],[1,[8,8]],[1,[8,7,1]],[1,[8,6,2]],[1,[8,
6,1,1]],[1,[8,5,3]],[1,[8,5,2,1]],[1,[8,4,4]],[1,[8,4,3,1]],[1,[8,4,2,2]],[1,[
8,4,2,1,1]],[1,[8,3,3,2]],[1,[8,3,3,1,1]],[1,[8,3,2,2,1]],[1,[7,7,2]],[1,[7,7,
1,1]],[1,[7,6,3]],[1,[7,6,2,1]],[1,[7,5,4]],[1,[7,5..1]],[1,[7,5,2,2]],[1,[7,5
,2,1,1]],[1,[7,4,4,1]],[1,[7,4,3,2]],[1,[7,4,3,1,1]],[1,[7,4,2,2,1]],[1,[7,3,3
,2,1]],[1,[7,3,2,2,1,1]],[1,[6,6,4]],[1,[6,6,3,1]],[1,[6,6,2,2]],[1,[6,6,2,1,1
]],[1,[6,5,5]],[1,[6,5,4,1]],[1,[6,5,3,2]],[1,[6,5,3,1,1]],[1,[6,5,2,2,1]],[1,
[6,4,4,2]],[1,[6,4,4,1,1]],[1,[6,4,3,3]],[1,[6,4,3,2,1]],[1,[6,4,2,2,1,1]],[1,
[6,3,3,2,2]],[1,[6,3,3,2,1,1]],[1,[5,5,4,2]],[1,[5,5,4,1,1]],[1,[5,5,3,3]],[1,
[5,5,3,2,1]],[1,[5,5,2,2,1,1]],[1,[5,4,4,3]],[1,[5,4,4,2,1]],[1,[5,4,3,3,1]],[
1,[5,4,3,2,2]],[1,[5,4,3,2,1,1]],[1,[5,3,3,2,2,1]],[1,[4,4,3,3,2]],[1,[4,4,3,3
,1,1]],[1,[4,4,3,2,2,1]],[1,[4,3,3,2,2,1,1]],[2,[[8,5,2,1],'0']],[2,[[7,5..1],
'+']],[2,[[7,5..1],'-']],[2,[[7,4,3,2],'+']],[2,[[7,4,3,2],'-']],[2,[[6,5,4,1]
,'+']],[2,[[6,5,4,1],'-']],[2,[[6,5,3,2],'0']],[2,[[6,4,3,2,1],'+']],[2,[[6,4,
3,2,1],'-']],[2,[[5,4,3,3,1],'+']],[2,[[5,4,3,3,1],'-']],[2,[[5,3,3,3,2],'0']]
,[2,[[4,3,3,3,2,1],'+']],[2,[[4,3,3,3,2,1],'-']],[2,[[3,3,3,3,3,1],'+']],[2,[[
3,3,3,3,3,1],'-']]]));

MBT("2.Sym(16)",5,
"(no info text)",
[30,30,31,35,34,31,30,30,33,30,30,33,30,30,32,31,30,30,31,30,30,30,30,30,30,30
,30,31,30,30],
[3,2,0,1,0,0],
[[232,233,234,235,237,241,242,244,247,248,249,250,256,257,264,265,267,270,273,
278],[236,238,251,254,258]],
[,,,[[2..4],[1..3]]],
[[[1,1,-1,1,0,-1,-1,0,1,1,-1,0,-1,0,1,-1,0,1,-1,0],[0,0,0,1,-1,1,1,1,-1,-1,2,1
,0,-1,1,1,0,-1,1,0],[0,0,0,0,-1,1,1,1,-1,-1,2,2,0,0,0,0,0,-1,1,0],[0,0,0,0,0,0
,0,0,0,0,0,0,0,0,0,0,0,1,-1,0],[1,1,-1,0,1,-2,-2,-1,2,2,-2,-2,0,0,0,-1,0,1,-1,
0],[0,0,0,0,0,0,0,0,0,0,0,0,0,0,0,1,0,-1,1,0],[-1,-1,1,-1,0,0,0,0,0,0,-1,0,0,1
,0,0,-1,1,0,0],[0,0,1,0,-1,1,1,0,0,0,1,0,0,-1,0,0,1,-1,0,0],[1,1,-2,1,1,-2,-1,
0,1,1,-1,0,-1,0,1,0,-1,1,0,0],[2,2,-2,2,0,0,-1,0,1,1,1,0,-1,-2,1,0,1,-1,0,0],[
0,0,-1,0,1,-1,-1,-1,1,1,-2,-1,0,1,0,0,-1,1,-1,0],[1,1,-1,1,0,0,0,0,0,0,1,0,0,
-1,0,0,1,-1,1,0],[0,0,0,0,1,-1,-1,-1,1,1,-2,-1,0,0,0,0,0,1,-1,0],[0,0,0,0,0,0,
0,0,0,0,1,0,0,0,0,0,0,-1,1,0],[-1,0,1,0,-1,1,1,1,-1,-1,1,1,0,0,0,0,0,0,0,0],[0
,-1,1,0,-1,1,1,1,-1,-1,1,1,0,0,0,0,0,0,0,0],[0,0,0,0,0,0,0,0,0,0,0,0,0,0,0,0,0
,0,0,1],[-2,-2,2,-2,0,1,1,0,-1,-1,0,0,1,1,-1,0,0,0,0,-1],[1,1,-1,0,1,-2,-1,-1,
1,2,-2,-1,0,0,0,-1,0,1,-1,0],[0,0,0,0,0,1,0,0,0,-1,1,0,0,0,0,1,0,-1,1,0]],[[-1
,1,1,-1,2],[1,-2,-1,2,-2],[0,0,-1,1,-1],[-1,2,2,-2,2],[1,-1,-1,1,-1]]],
[["Sym(16)",0]],
0,
0,
rec(CharacterParameters:=[[1,[16]],[1,[15,1]],[1,[14,2]],[1,[14,1,1]],[1,[13,3
]],[1,[13,2,1]],[1,[13,1,1,1]],[1,[12,4]],[1,[12,3,1]],[1,[12,2,2]],[1,[12,2,1
,1]],[1,[12,1,1,1,1]],[1,[11,5]],[1,[11,4,1]],[1,[11,3,2]],[1,[11,3,1,1]],[1,[
11,2,2,1]],[1,[11,2,1,1,1]],[1,[10,6]],[1,[10,5,1]],[1,[10,4,2]],[1,[10,4,1,1]
],[1,[10,3,3]],[1,[10,3,2,1]],[1,[10,3,1,1,1]],[1,[10,2,2,2]],[1,[10,2,2,1,1]]
,[1,[10,2,1,1,1,1]],[1,[9,7]],[1,[9,6,1]],[1,[9,5,2]],[1,[9,5,1,1]],[1,[9,4,3]
],[1,[9,4,2,1]],[1,[9,4,1,1,1]],[1,[9,3,3,1]],[1,[9,3,2,2]],[1,[9,3,2,1,1]],[1
,[9,3,1,1,1,1]],[1,[9,2,2,2,1]],[1,[9,2,2,1,1,1]],[1,[8,8]],[1,[8,7,1]],[1,[8,
6,2]],[1,[8,6,1,1]],[1,[8,5,3]],[1,[8,5,2,1]],[1,[8,5,1,1,1]],[1,[8,4,4]],[1,[
8,4,3,1]],[1,[8,4,2,2]],[1,[8,4,2,1,1]],[1,[8,4,1,1,1,1]],[1,[8,3,3,2]],[1,[8,
3,3,1,1]],[1,[8,3,2,2,1]],[1,[8,3,2,1,1,1]],[1,[8,2,2,2,2]],[1,[8,2,2,2,1,1]],
[1,[8,2,2,1,1,1,1]],[1,[7,7,2]],[1,[7,7,1,1]],[1,[7,6,3]],[1,[7,6,2,1]],[1,[7,
6,1,1,1]],[1,[7,5,4]],[1,[7,5..1]],[1,[7,5,2,2]],[1,[7,5,2,1,1]],[1,[7,5,1,1,1
,1]],[1,[7,4,4,1]],[1,[7,4,3,2]],[1,[7,4,3,1,1]],[1,[7,4,2,2,1]],[1,[7,4,2,1,1
,1]],[1,[7,3,3,3]],[1,[7,3,3,2,1]],[1,[7,3,3,1,1,1]],[1,[7,3,2,2,2]],[1,[7,3,2
,2,1,1]],[1,[7,3,2,1,1,1,1]],[1,[7,2,2,2,2,1]],[1,[7,2,2,2,1,1,1]],[1,[6,6,4]]
,[1,[6,6,3,1]],[1,[6,6,2,2]],[1,[6,6,2,1,1]],[1,[6,6,1,1,1,1]],[1,[6,5,5]],[1,
[6,5,4,1]],[1,[6,5,3,2]],[1,[6,5,3,1,1]],[1,[6,5,2,2,1]],[1,[6,5,2,1,1,1]],[1,
[6,4,4,2]],[1,[6,4,4,1,1]],[1,[6,4,3,3]],[1,[6,4,3,2,1]],[1,[6,4,3,1,1,1]],[1,
[6,4,2,2,2]],[1,[6,4,2,2,1,1]],[1,[6,4,2,1,1,1,1]],[1,[6,3,3,3,1]],[1,[6,3,3,2
,2]],[1,[6,3,3,2,1,1]],[1,[6,3,3,1,1,1,1]],[1,[6,3,2,2,2,1]],[1,[6,3,2,2,1,1,1
]],[1,[6,2,2,2,2,1,1]],[1,[6,2,2,2,1,1,1,1]],[1,[5,5,5,1]],[1,[5,5,4,2]],[1,[5
,5,4,1,1]],[1,[5,5,3,3]],[1,[5,5,3,2,1]],[1,[5,5,3,1,1,1]],[1,[5,5,2,2,2]],[1,
[5,5,2,2,1,1]],[1,[5,5,2,1,1,1,1]],[1,[5,4,4,3]],[1,[5,4,4,2,1]],[1,[5,4,4,1,1
,1]],[1,[5,4,3,3,1]],[1,[5,4,3,2,2]],[1,[5,4,3,2,1,1]],[1,[5,4,3,1,1,1,1]],[1,
[5,4,2,2,2,1]],[1,[5,4,2,2,1,1,1]],[1,[5,3,3,3,2]],[1,[5,3,3,3,1,1]],[1,[5,3,3
,2,2,1]],[1,[5,3,3,2,1,1,1]],[1,[5,3,2,2,2,2]],[1,[5,3,2,2,2,1,1]],[1,[5,3,2,2
,1,1,1,1]],[1,[5,2,2,2,2,1,1,1]],[1,[4,4,4,4]],[1,[4,4,4,3,1]],[1,[4,4,4,2,2]]
,[1,[4,4,4,2,1,1]],[1,[4,4,4,1,1,1,1]],[1,[4,4,3,3,2]],[1,[4,4,3,3,1,1]],[1,[4
,4,3,2,2,1]],[1,[4,4,3,2,1,1,1]],[1,[4,4,2,2,2,2]],[1,[4,4,2,2,2,1,1]],[1,[4,4
,2,2,1,1,1,1]],[1,[4,3,3,3,3]],[1,[4,3,3,3,2,1]],[1,[4,3,3,3,1,1,1]],[1,[4,3,3
,2,2,2]],[1,[4,3,3,2,2,1,1]],[1,[4,3,3,2,1,1,1,1]],[1,[4,3,2,2,2,2,1]],[1,[4,3
,2,2,2,1,1,1]],[1,[4,2,2,2,2,1,1,1,1]],[1,[3,3,3,3,2,2]],[1,[3,3,3,3,2,1,1]],[
1,[3,3,3,3,1,1,1,1]],[1,[3,3,3,2,2,2,1]],[1,[3,3,3,2,2,1,1,1]],[1,[3,3,2,2,2,2
,1,1]],[1,[3,3,2,2,2,1,1,1,1]],[2,[[9,6,1],'+']],[2,[[9,6,1],'-']],[2,[[9,5,2]
,'0']],[2,[[9,4,3],'+']],[2,[[9,4,3],'-']],[2,[[9,4,2,1],'0']],[2,[[8,6,2],'+'
]],[2,[[8,6,2],'-']],[2,[[8,5,3],'0']],[2,[[8,5,2,1],'+']],[2,[[8,5,2,1],'-']]
,[2,[[8,4,3,1],'0']],[2,[[7,6,3],'+']],[2,[[7,6,3],'-']],[2,[[7,6,2,1],'0']],[
2,[[7,5,4],'0']],[2,[[7,5..1],'+']],[2,[[7,5..1],'-']],[2,[[7,4,3,2],'0']],[2,
[[6,5,4,1],'+']],[2,[[6,5,4,1],'-']],[2,[[6,5,3,2],'+']],[2,[[6,5,3,2],'-']],[
2,[[6,4,3,2,1],'+']],[2,[[6,4,3,2,1],'-']],[2,[[5,5,5,1],'+']],[2,[[5,5,5,1],
'-']],[2,[[5,5,4,2],'0']],[2,[[5,5,3,2,1],'+']],[2,[[5,5,3,2,1],'-']]]));

MBT("2.Sym(16)",7,
"(no info text)",
[70,76,75,69,71,71,68,68,74,68,68,68,68,68,68,73,72,68,68,71,71,72,72,68,68,69
,68,68,70,71,71,68,68,70,69,68,68],
[2,1,1,1,1,0,0,0,0],
[[232,233,236,240,247,248,252,253,254,255,256,257,258,260,261,265,273,278]],
[,[[4,5],[2..4],[1..3]],2,[[4,7],[5,6],[2,5],[3,4],[1,3],[1,2]],[[3..5],[2..4]
,[1,2]]],
[[[-1,-1,1,-1,0,1,-1,-1,1,0,-1,-1,1,1,0,0,0,0],[-1,-1,1,-1,1,0,-1,-1,0,1,-1,-1
,1,0,1,0,0,0],[0,0,0,-1,0,1,0,0,1,0,-1,-1,1,0,-1,1,1,0],[0,0,1,0,0,-1,-1,-1,0,
1,0,0,1,0,1,-1,-1,0],[1,1,-1,1,-1,0,1,1,0,-1,1,1,-1,0,-1,1,0,0],[0,0,0,1,0,-1,
0,0,-1,0,1,1,-1,0,1,-1,0,0],[0,0,0,0,0,0,0,0,0,0,0,0,0,0,1,-1,0,0],[1,1,-1,0,0
,0,1,1,0,0,0,0,0,0,-1,1,0,0],[0,0,0,-1,0,1,-1,0,1,1,-1,-1,1,0,-1,1,0,0],[-1,-1
,1,-1,1,0,-1,-2,1,1,-1,-1,1,0,1,-1,0,0],[0,0,0,0,0,0,0,0,0,0,0,0,0,0,0,0,0,1],
[0,0,0,0,0,0,1,1,-1,-1,1,1,-1,0,0,0,0,-1],[0,0,-1,0,0,1,0,1,0,0,-1,0,0,0,-1,1,
1,0],[0,0,0,1,0,-1,0,-1,0,0,1,0,0,0,1,-1,-1,0],[0,0,0,0,0,0,0,1,0,0,0,0,0,0,-1
,1,0,0],[-1,-1,1,0,0,0,0,-1,0,0,0,0,0,0,1,-1,0,0],[0,1,0,0,0,0,0,0,0,0,0,0,0,0
,0,0,0,0],[1,0,0,0,0,0,0,0,0,0,0,0,0,0,0,0,0,0]]],
[["Sym(16)",0]],
0,
0,
rec(CharacterParameters:=[[1,[16]],[1,[15,1]],[1,[14,2]],[1,[14,1,1]],[1,[13,3
]],[1,[13,2,1]],[1,[13,1,1,1]],[1,[12,4]],[1,[12,3,1]],[1,[12,2,2]],[1,[12,2,1
,1]],[1,[12,1,1,1,1]],[1,[11,5]],[1,[11,4,1]],[1,[11,3,2]],[1,[11,3,1,1]],[1,[
11,2,2,1]],[1,[11,2,1,1,1]],[1,[11,1,1,1,1,1]],[1,[10,6]],[1,[10,5,1]],[1,[10,
4,2]],[1,[10,4,1,1]],[1,[10,3,3]],[1,[10,3,2,1]],[1,[10,3,1,1,1]],[1,[10,2,2,2
]],[1,[10,2,2,1,1]],[1,[10,2,1,1,1,1]],[1,[10,1,1,1,1,1,1]],[1,[9,7]],[1,[9,6,
1]],[1,[9,5,2]],[1,[9,5,1,1]],[1,[9,4,3]],[1,[9,4,2,1]],[1,[9,4,1,1,1]],[1,[9,
3,3,1]],[1,[9,3,2,2]],[1,[9,3,2,1,1]],[1,[9,3,1,1,1,1]],[1,[9,2,2,2,1]],[1,[9,
2,2,1,1,1]],[1,[9,2,1,1,1,1,1]],[1,[8,8]],[1,[8,7,1]],[1,[8,6,2]],[1,[8,6,1,1]
],[1,[8,5,3]],[1,[8,5,2,1]],[1,[8,5,1,1,1]],[1,[8,4,4]],[1,[8,4,3,1]],[1,[8,4,
2,2]],[1,[8,4,2,1,1]],[1,[8,4,1,1,1,1]],[1,[8,3,3,2]],[1,[8,3,3,1,1]],[1,[8,3,
2,2,1]],[1,[8,3,2,1,1,1]],[1,[8,3,1,1,1,1,1]],[1,[8,2,2,2,2]],[1,[8,2,2,2,1,1]
],[1,[8,2,2,1,1,1,1]],[1,[8,2,1,1,1,1,1,1]],[1,[7,7,2]],[1,[7,7,1,1]],[1,[7,6,
3]],[1,[7,6,2,1]],[1,[7,6,1,1,1]],[1,[7,5,4]],[1,[7,5..1]],[1,[7,5,2,2]],[1,[7
,5,2,1,1]],[1,[7,5,1,1,1,1]],[1,[7,4,4,1]],[1,[7,4,3,2]],[1,[7,4,3,1,1]],[1,[7
,4,2,2,1]],[1,[7,4,2,1,1,1]],[1,[7,4,1,1,1,1,1]],[1,[7,3,3,3]],[1,[7,3,3,2,1]]
,[1,[7,3,3,1,1,1]],[1,[7,3,2,2,2]],[1,[7,3,2,2,1,1]],[1,[7,3,2,1,1,1,1]],[1,[7
,3,1,1,1,1,1,1]],[1,[7,2,2,2,2,1]],[1,[7,2,2,2,1,1,1]],[1,[7,2,2,1,1,1,1,1]],[
1,[6,6,4]],[1,[6,6,3,1]],[1,[6,6,2,2]],[1,[6,6,2,1,1]],[1,[6,6,1,1,1,1]],[1,[6
,5,5]],[1,[6,5,4,1]],[1,[6,5,3,2]],[1,[6,5,3,1,1]],[1,[6,5,2,2,1]],[1,[6,5,2,1
,1,1]],[1,[6,5,1,1,1,1,1]],[1,[6,4,4,2]],[1,[6,4,4,1,1]],[1,[6,4,3,3]],[1,[6,4
,3,2,1]],[1,[6,4,3,1,1,1]],[1,[6,4,2,2,2]],[1,[6,4,2,2,1,1]],[1,[6,4,2,1,1,1,1
]],[1,[6,4,1,1,1,1,1,1]],[1,[6,3,3,3,1]],[1,[6,3,3,2,2]],[1,[6,3,3,2,1,1]],[1,
[6,3,3,1,1,1,1]],[1,[6,3,2,2,2,1]],[1,[6,3,2,2,1,1,1]],[1,[6,3,2,1,1,1,1,1]],[
1,[6,2,2,2,2,2]],[1,[6,2,2,2,2,1,1]],[1,[6,2,2,2,1,1,1,1]],[1,[6,2,2,1,1,1,1,1
,1]],[1,[5,5,5,1]],[1,[5,5,4,2]],[1,[5,5,4,1,1]],[1,[5,5,3,3]],[1,[5,5,3,2,1]]
,[1,[5,5,3,1,1,1]],[1,[5,5,2,2,2]],[1,[5,5,2,2,1,1]],[1,[5,5,2,1,1,1,1]],[1,[5
,5,1,1,1,1,1,1]],[1,[5,4,4,3]],[1,[5,4,4,2,1]],[1,[5,4,4,1,1,1]],[1,[5,4,3,3,1
]],[1,[5,4,3,2,2]],[1,[5,4,3,2,1,1]],[1,[5,4,3,1,1,1,1]],[1,[5,4,2,2,2,1]],[1,
[5,4,2,2,1,1,1]],[1,[5,4,2,1,1,1,1,1]],[1,[5,3,3,3,2]],[1,[5,3,3,3,1,1]],[1,[5
,3,3,2,2,1]],[1,[5,3,3,2,1,1,1]],[1,[5,3,3,1,1,1,1,1]],[1,[5,3,2,2,2,2]],[1,[5
,3,2,2,2,1,1]],[1,[5,3,2,2,1,1,1,1]],[1,[5,3,2,1,1,1,1,1,1]],[1,[5,2,2,2,2,2,1
]],[1,[5,2,2,2,2,1,1,1]],[1,[5,2,2,2,1,1,1,1,1]],[1,[4,4,4,4]],[1,[4,4,4,3,1]]
,[1,[4,4,4,2,2]],[1,[4,4,4,2,1,1]],[1,[4,4,4,1,1,1,1]],[1,[4,4,3,3,2]],[1,[4,4
,3,3,1,1]],[1,[4,4,3,2,2,1]],[1,[4,4,3,2,1,1,1]],[1,[4,4,3,1,1,1,1,1]],[1,[4,4
,2,2,2,2]],[1,[4,4,2,2,2,1,1]],[1,[4,4,2,2,1,1,1,1]],[1,[4,4,2,1,1,1,1,1,1]],[
1,[4,3,3,3,3]],[1,[4,3,3,3,2,1]],[1,[4,3,3,3,1,1,1]],[1,[4,3,3,2,2,2]],[1,[4,3
,3,2,2,1,1]],[1,[4,3,3,2,1,1,1,1]],[1,[4,3,3,1,1,1,1,1,1]],[1,[4,3,2,2,2,2,1]]
,[1,[4,3,2,2,2,1,1,1]],[1,[4,3,2,2,1,1,1,1,1]],[1,[4,2,2,2,2,2,2]],[1,[4,2,2,2
,2,2,1,1]],[1,[4,2,2,2,2,1,1,1,1]],[1,[4,2,2,2,1,1,1,1,1,1]],[1,[3,3,3,3,3,1]]
,[1,[3,3,3,3,2,2]],[1,[3,3,3,3,2,1,1]],[1,[3,3,3,3,1,1,1,1]],[1,[3,3,3,2,2,2,1
]],[1,[3,3,3,2,2,1,1,1]],[1,[3,3,3,2,1,1,1,1,1]],[1,[3,3,2,2,2,2,2]],[1,[3,3,2
,2,2,2,1,1]],[1,[3,3,2,2,2,1,1,1,1]],[1,[3,3,2,2,1,1,1,1,1,1]],[1,[3,2,2,2,2,2
,2,1]],[1,[3,2,2,2,2,2,1,1,1]],[1,[3,2,2,2,2,1,1,1,1,1]],[1,[2,2,2,2,2,2,1,1,1
,1]],[1,[2,2,2,2,2,1,1,1,1,1,1]],[2,[[11,5],'0']],[2,[[11,4,1],'+']],[2,[[11,4
,1],'-']],[2,[[10,6],'0']],[2,[[10,5,1],'+']],[2,[[10,5,1],'-']],[2,[[10,4,2],
'+']],[2,[[10,4,2],'-']],[2,[[10,3,2,1],'0']],[2,[[9,6,1],'+']],[2,[[9,6,1],
'-']],[2,[[9,5,2],'+']],[2,[[9,5,2],'-']],[2,[[9,4,3],'+']],[2,[[9,4,3],'-']],
[2,[[9,4,2,1],'0']],[2,[[8,7,1],'0']],[2,[[8,6,2],'+']],[2,[[8,6,2],'-']],[2,[
[8,5,3],'+']],[2,[[8,5,3],'-']],[2,[[8,5,2,1],'0']],[2,[[8,4,3,1],'0']],[2,[[7
,7,2],'+']],[2,[[7,7,2],'-']],[2,[[7,6,3],'0']],[2,[[7,6,2,1],'+']],[2,[[7,6,2
,1],'-']],[2,[[7,5,4],'0']],[2,[[7,5..1],'+']],[2,[[7,5..1],'-']],[2,[[7,4,3,2
],'+']],[2,[[7,4,3,2],'-']],[2,[[6,5,4,1],'0']],[2,[[6,5,3,2],'0']],[2,[[6,4,3
,2,1],'+']],[2,[[6,4,3,2,1],'-']]]));

