MBT("2.Alt(13)",3,
"(no info text)",
[4,4,5,4,4,4,4,5,4,4,4,4],
[5,2],
[[56,57,63,64,65,66,67,70,76,81],[60,72]],
[],
[[[4,-3,1,1,0,-1,1,0,0,0],[4,-3,1,1,-1,0,1,0,0,0],[-1,1,0,-1,1,0,0,0,0,0],[-1,
1,-1,0,0,1,0,0,0,0],[1,0,0,0,1,0,0,-1,0,0],[0,0,0,0,-1,0,0,1,0,0],[-2,2,-1,-1,
2,1,-1,-1,1,0],[-2,1,0,0,-1,0,-1,1,-1,0],[2,-2,1,1,-1,-1,1,0,0,-1],[0,0,0,0,0,
0,0,0,0,1]],[[0,1],[1,-1]]],
[["Alt(13)",0]],
0,
0,
rec(CharacterParameters:=[[1,[13]],[1,[12,1]],[1,[11,2]],[1,[11,1,1]],[1,[10,3
]],[1,[10,2,1]],[1,[9,4]],[1,[9,3,1]],[1,[9,2,2]],[1,[9,2,1,1]],[1,[8,5]],[1,[
8,4,1]],[1,[8,3,2]],[1,[8,3,1,1]],[1,[8,2,2,1]],[1,[7,5,1]],[1,[7,4,2]],[1,[7,
4,1,1]],[1,[[7,3,3],'+']],[1,[[7,3,3],'-']],[1,[[7,3,2,1],'+']],[1,[[7,3,2,1],
'-']],[1,[7,2,2,1,1]],[1,[6,4,2,1]],[1,[6,3,2,2]],[2,[[7,4,2],'+']],[2,[[7,4,2
],'-']],[2,[[6,5,2],'0']],[2,[[6,4,2,1],'+']],[2,[[6,4,2,1],'-']],[2,[[5,4,3,1
],'+']],[2,[[5,4,3,1],'-']],[2,[[5,3,3,2],'0']],[2,[[4,3,3,2,1],'+']],[2,[[4,3
,3,2,1],'-']],[2,[[3,3,3,3,1],'+']],[2,[[3,3,3,3,1],'-']]]));

MBT("2.Alt(13)",5,
"(no info text)",
[14,10,10,10,10,11,12,13,11,11,10,10,11,10,10,11,10,10],
[2,2,0,0,0],
[[56,58,59,68,69,70,71,72,73,81],[57,60,62,65,67]],
[],
[[[0,0,-1,1,0,0,0,1,-1,0],[-1,0,1,0,1,-1,-1,1,1,0],[1,0,-1,0,-1,1,1,-1,0,0],[1
,-1,0,-1,0,1,1,-1,0,0],[-1,1,0,1,1,-1,-1,1,0,0],[-1,0,1,1,1,-1,-1,1,0,0],[0,0,
0,-1,-1,1,1,-1,0,-1],[0,0,0,0,0,0,0,0,0,1],[1,0,-1,0,0,1,0,0,-1,0],[0,0,1,0,0,
-1,0,0,1,0]],[[-1,1,1,-1,2],[1,-2,-1,2,-2],[0,0,-1,1,-1],[-1,2,2,-2,2],[1,-1,
-1,1,-1]]],
[["Alt(13)",0]],
0,
0,
rec(CharacterParameters:=[[1,[13]],[1,[12,1]],[1,[11,2]],[1,[11,1,1]],[1,[10,3
]],[1,[10,2,1]],[1,[10,1,1,1]],[1,[9,4]],[1,[9,3,1]],[1,[9,2,2]],[1,[9,2,1,1]]
,[1,[9,1,1,1,1]],[1,[8,5]],[1,[8,4,1]],[1,[8,3,2]],[1,[8,3,1,1]],[1,[8,2,2,1]]
,[1,[8,2,1,1,1]],[1,[7,6]],[1,[7,5,1]],[1,[7,4,2]],[1,[7,4,1,1]],[1,[7,3,3]],[
1,[7,3,2,1]],[1,[7,3,1,1,1]],[1,[7,2,2,2]],[1,[[7,2,2,1,1],'+']],[1,[[7,2,2,1,
1],'-']],[1,[7,2,1,1,1,1]],[1,[6,6,1]],[1,[6,5,2]],[1,[6,5,1,1]],[1,[6,4,3]],[
1,[6,4,2,1]],[1,[6,4,1,1,1]],[1,[6,3,3,1]],[1,[[6,3,2,1,1],'+']],[1,[[6,3,2,1,
1],'-']],[1,[5,5,2,1]],[1,[5,5,1,1,1]],[1,[5,4,2,1,1]],[2,[[9,4],'0']],[2,[[8,
4,1],'+']],[2,[[8,4,1],'-']],[2,[[8,3,2],'+']],[2,[[8,3,2],'-']],[2,[[7,5,1],
'0']],[2,[[7,4,2],'+']],[2,[[7,4,2],'-']],[2,[[7,3,2,1],'0']],[2,[[6,5,2],'0']
],[2,[[6,4,3],'+']],[2,[[6,4,3],'-']],[2,[[6,4,2,1],'0']],[2,[[5,5,3],'+']],[2
,[[5,5,3],'-']],[2,[[5,5,2,1],'0']],[2,[[5,4,3,1],'+']],[2,[[5,4,3,1],'-']]])
);

MBT("2.Alt(13)",7,
"(no info text)",
[28,23,25,25,22,26,27,25,25,24,24,22,23,25,25,24,24,24,24,23,22],
[1,1,1,1,0,0,0],
[],
[[[4,5],[2..4],[1..3]],1,[[5,7],[5,6],[3,5],[4,5],[1,4],[2,3]],[[5,6],[4,7],[3
,4],[2,5],[1,2],[1,3]]],
[],
[["Alt(13)",0]],
0,
0,
rec(CharacterParameters:=[[1,[13]],[1,[12,1]],[1,[11,2]],[1,[11,1,1]],[1,[10,3
]],[1,[10,2,1]],[1,[10,1,1,1]],[1,[9,4]],[1,[9,3,1]],[1,[9,2,2]],[1,[9,2,1,1]]
,[1,[9,1,1,1,1]],[1,[8,5]],[1,[8,4,1]],[1,[8,3,2]],[1,[8,3,1,1]],[1,[8,2,2,1]]
,[1,[8,2,1,1,1]],[1,[8,1,1,1,1,1]],[1,[7,6]],[1,[7,5,1]],[1,[7,4,2]],[1,[7,4,1
,1]],[1,[7,3,3]],[1,[7,3,2,1]],[1,[7,3,1,1,1]],[1,[7,2,2,2]],[1,[7,2,2,1,1]],[
1,[7,2,1,1,1,1]],[1,[[7,1,1,1,1,1,1],'+']],[1,[[7,1,1,1,1,1,1],'-']],[1,[6,6,1
]],[1,[6,5,2]],[1,[6,5,1,1]],[1,[6,4,3]],[1,[6,4,2,1]],[1,[6,4,1,1,1]],[1,[6,3
,3,1]],[1,[6,3,2,2]],[1,[6,3,2,1,1]],[1,[6,2,2,2,1]],[1,[5,5,3]],[1,[5,5,2,1]]
,[1,[5,5,1,1,1]],[1,[5,4,4]],[1,[5,4,3,1]],[1,[[5,3,3,1,1],'+']],[1,[[5,3,3,1,
1],'-']],[2,[[10,3],'0']],[2,[[9,4],'0']],[2,[[9,3,1],'+']],[2,[[9,3,1],'-']],
[2,[[8,5],'0']],[2,[[8,4,1],'+']],[2,[[8,4,1],'-']],[2,[[8,3,2],'+']],[2,[[8,3
,2],'-']],[2,[[7,6],'+']],[2,[[7,6],'-']],[2,[[7,5,1],'0']],[2,[[7,4,2],'0']],
[2,[[7,3,2,1],'+']],[2,[[7,3,2,1],'-']],[2,[[6,5,2],'+']],[2,[[6,5,2],'-']],[2
,[[6,4,3],'+']],[2,[[6,4,3],'-']],[2,[[6,4,2,1],'0']],[2,[[5,4,3,1],'0']]]));

