MBT("2.Alt(15)",3,
"(no info text)",
[8,7,5,6,6,5,5,5,5,5,5],
[6,1,0,0],
[[95,99,102,103,105,112,114]],
[,[[1,2],[1,3]]],
[[[-4,2,1,-2,0,2,-2],[-1,1,0,0,-1,1,0],[-4,1,2,-3,1,0,0],[1,0,0,0,0,0,0],[-3,2
,0,0,-1,1,-2],[2,-1,-1,2,-1,0,0],[1,-1,0,0,1,-1,1]]],
[["Alt(15)",0]],
0,
0,
rec(CharacterParameters:=[[1,[15]],[1,[14,1]],[1,[13,2]],[1,[13,1,1]],[1,[12,3
]],[1,[12,2,1]],[1,[11,4]],[1,[11,3,1]],[1,[11,2,2]],[1,[11,2,1,1]],[1,[10,5]]
,[1,[10,4,1]],[1,[10,3,2]],[1,[10,3,1,1]],[1,[10,2,2,1]],[1,[9,6]],[1,[9,5..1]
],[1,[9,4,2]],[1,[9,4,1,1]],[1,[9,3,3]],[1,[9,3,2,1]],[1,[9,2,2,1,1]],[1,[8,6,
1]],[1,[8,5..2]],[1,[8,5,1,1]],[1,[8,4,2,1]],[1,[8,3,3,1]],[1,[8,3,2,2]],[1,[8
,3,2,1,1]],[1,[7,5..3]],[1,[7,5,2,1]],[1,[7,4,2,2]],[1,[7,4,2,1,1]],[1,[7,3,3,
2]],[1,[6,4,2,2,1]],[2,[[8,5..2],'+']],[2,[[8,5..2],'-']],[2,[[7,5,2,1],'0']],
[2,[[7,4,3,1],'+']],[2,[[7,4,3,1],'-']],[2,[[6,5,3,1],'0']],[2,[[6,4,3,2],'0']
],[2,[[5,4..1],'0']],[2,[[5,3,3,3,1],'0']],[2,[[4,3,3,3,2],'0']],[2,[[3,3,3,3,
2,1],'0']]]));

MBT("2.Alt(15)",5,
"(no info text)",
[16,22,21,17,17,16,20,19,16,18,18,16,18,18,16,16,17,17,16,16,16,16],
[3,1,1,0,0,0,0],
[[95,97,99,101,103,107,110,114,118,120]],
[,[[2,5],[3,4],[1,2],[1,3]],[[2,5],[3,4],[1,3],[1,2]]],
[[[-1,0,1,0,-1,0,1,-2,-1,2],[0,0,0,-1,1,1,-1,2,0,0],[1,0,0,1,-2,-1,2,-2,0,0],[
-2,1,-1,-1,1,0,0,0,0,0],[2,-1,2,1,-2,0,2,-2,-2,2],[2,-1,1,1,-1,-1,1,-1,0,0],[
-2,1,0,-2,2,2,-2,2,0,0],[-1,0,-1,0,1,0,-1,1,1,-1],[0,0,0,1,-1,-1,1,-1,0,0],[1,
0,0,0,0,0,0,0,0,0]]],
[["Alt(15)",0]],
0,
0,
rec(CharacterParameters:=[[1,[15]],[1,[14,1]],[1,[13,2]],[1,[13,1,1]],[1,[12,3
]],[1,[12,2,1]],[1,[12,1,1,1]],[1,[11,4]],[1,[11,3,1]],[1,[11,2,2]],[1,[11,2,1
,1]],[1,[11,1,1,1,1]],[1,[10,5]],[1,[10,4,1]],[1,[10,3,2]],[1,[10,3,1,1]],[1,[
10,2,2,1]],[1,[10,2,1,1,1]],[1,[9,6]],[1,[9,5..1]],[1,[9,4,2]],[1,[9,4,1,1]],[
1,[9,3,3]],[1,[9,3,2,1]],[1,[9,3,1,1,1]],[1,[9,2,2,2]],[1,[9,2,2,1,1]],[1,[9,2
,1,1,1,1]],[1,[8,7]],[1,[8,6,1]],[1,[8,5..2]],[1,[8,5,1,1]],[1,[8,4,3]],[1,[8,
4,2,1]],[1,[8,4,1,1,1]],[1,[8,3,3,1]],[1,[8,3,2,2]],[1,[8,3,2,1,1]],[1,[8,3,1,
1,1,1]],[1,[8,2,2,1,1,1]],[1,[7,7,1]],[1,[7,6,2]],[1,[7,6,1,1]],[1,[7,5..3]],[
1,[7,5,2,1]],[1,[7,5,1,1,1]],[1,[7,4,4]],[1,[7,4,3,1]],[1,[7,4,2,2]],[1,[7,4,2
,1,1]],[1,[7,4,1,1,1,1]],[1,[7,3,3,2]],[1,[7,3,3,1,1]],[1,[7,3,2,2,1]],[1,[7,3
,2,1,1,1]],[1,[6,6,3]],[1,[6,6,2,1]],[1,[6,5,3,1]],[1,[6,5,2,2]],[1,[6,5,2,1,1
]],[1,[6,5,1,1,1,1]],[1,[6,4,3,1,1]],[1,[[6,3,3,1,1,1],'+']],[1,[[6,3,3,1,1,1]
,'-']],[1,[5,5,2,2,1]],[2,[[9,5..1],'0']],[2,[[9,4,2],'+']],[2,[[9,4,2],'-']],
[2,[[8,6,1],'+']],[2,[[8,6,1],'-']],[2,[[8,5..2],'0']],[2,[[8,4,3],'+']],[2,[[
8,4,3],'-']],[2,[[8,4,2,1],'0']],[2,[[7,6,2],'+']],[2,[[7,6,2],'-']],[2,[[7,5
..3],'0']],[2,[[7,5,2,1],'+']],[2,[[7,5,2,1],'-']],[2,[[7,4,3,1],'0']],[2,[[6,
5..4],'0']],[2,[[6,5,3,1],'+']],[2,[[6,5,3,1],'-']],[2,[[6,4,3,2],'0']],[2,[[5
,5,4,1],'0']],[2,[[5,5,3,2],'0']],[2,[[5,4..1],'0']]]));

MBT("2.Alt(15)",7,
"(no info text)",
[39,30,28,28,38,37,29,28,28,36,35,34,28,28,28,28,28,28,33,28,28,29,30,28,28,28
,28,32,31,30,29,28,28],
[2,1,1,0,0,0,0,0,0,0,0,0],
[[95,96,101,102,108,109,110,111,112,113,114,118,119,123,124,126,129,134]],
[,[[4,5],[2..4],[1..3]],2],
[[[-1,-1,1,-1,-1,-1,1,1,0,-1,1,-1,0,0,1,0,0,0],[-1,-1,1,-1,-1,-1,1,1,-1,0,1,0,
-1,1,0,0,0,0],[0,0,0,1,0,0,-1,-1,1,0,-1,0,1,0,1,-1,0,0],[1,1,-1,1,1,1,-1,-1,0,
1,-1,1,0,0,-1,1,0,0],[-1,-1,1,-1,-1,-1,1,1,0,-1,1,-1,0,0,1,-1,1,0],[1,1,0,0,0,
0,0,0,-1,0,1,1,0,0,-1,1,-1,0],[-2,-2,1,-1,-1,-1,1,1,0,0,0,-1,0,0,1,-1,1,0],[0,
0,0,0,0,0,0,0,0,0,0,1,0,0,-1,1,-1,0],[1,1,-1,0,1,1,0,0,0,0,0,0,0,0,-1,1,0,0],[
0,0,0,0,0,0,0,0,0,0,0,0,0,0,1,-1,0,0],[0,0,0,0,1,1,-1,-1,1,1,-1,0,0,0,0,0,0,-1
],[0,0,0,0,0,0,0,0,0,0,0,0,0,0,0,0,0,1],[-1,-1,0,0,-1,0,0,1,0,0,0,-1,0,0,1,-1,
1,0],[1,1,-1,1,1,0,0,-1,0,0,0,1,0,0,-1,1,-1,0],[-1,-1,1,0,-1,0,0,0,0,0,0,0,0,0
,1,-1,0,0],[0,0,0,0,1,0,0,0,0,0,0,0,0,0,-1,1,0,0],[0,1,0,0,0,0,0,0,0,0,0,0,0,0
,0,0,0,0],[1,0,0,0,0,0,0,0,0,0,0,0,0,0,0,0,0,0]]],
[["Alt(15)",0]],
0,
0,
rec(CharacterParameters:=[[1,[15]],[1,[14,1]],[1,[13,2]],[1,[13,1,1]],[1,[12,3
]],[1,[12,2,1]],[1,[12,1,1,1]],[1,[11,4]],[1,[11,3,1]],[1,[11,2,2]],[1,[11,2,1
,1]],[1,[11,1,1,1,1]],[1,[10,5]],[1,[10,4,1]],[1,[10,3,2]],[1,[10,3,1,1]],[1,[
10,2,2,1]],[1,[10,2,1,1,1]],[1,[10,1,1,1,1,1]],[1,[9,6]],[1,[9,5..1]],[1,[9,4,
2]],[1,[9,4,1,1]],[1,[9,3,3]],[1,[9,3,2,1]],[1,[9,3,1,1,1]],[1,[9,2,2,2]],[1,[
9,2,2,1,1]],[1,[9,2,1,1,1,1]],[1,[9,1,1,1,1,1,1]],[1,[8,7]],[1,[8,6,1]],[1,[8,
5..2]],[1,[8,5,1,1]],[1,[8,4,3]],[1,[8,4,2,1]],[1,[8,4,1,1,1]],[1,[8,3,3,1]],[
1,[8,3,2,2]],[1,[8,3,2,1,1]],[1,[[8,3,1,1,1,1],'+']],[1,[[8,3,1,1,1,1],'-']],[
1,[8,2,2,2,1]],[1,[8,2,2,1,1,1]],[1,[[8,2,1,1,1,1,1],'+']],[1,[[8,2,1,1,1,1,1]
,'-']],[1,[7,7,1]],[1,[7,6,2]],[1,[7,6,1,1]],[1,[7,5..3]],[1,[7,5,2,1]],[1,[7,
5,1,1,1]],[1,[7,4,4]],[1,[7,4,3,1]],[1,[7,4,2,2]],[1,[7,4,2,1,1]],[1,[7,4,1,1,
1,1]],[1,[7,3,3,2]],[1,[7,3,3,1,1]],[1,[7,3,2,2,1]],[1,[7,3,2,1,1,1]],[1,[7,2,
2,2,2]],[1,[7,2,2,2,1,1]],[1,[6,6,3]],[1,[6,6,2,1]],[1,[6,6,1,1,1]],[1,[6,5..4
]],[1,[6,5,3,1]],[1,[6,5,2,2]],[1,[6,5,2,1,1]],[1,[6,5,1,1,1,1]],[1,[6,4,4,1]]
,[1,[6,4,3,2]],[1,[[6,4,3,1,1],'+']],[1,[[6,4,3,1,1],'-']],[1,[6,4,2,2,1]],[1,
[6,3,3,3]],[1,[6,3,3,2,1]],[1,[6,3,2,2,2]],[1,[5,5,4,1]],[1,[5,5,3,1,1]],[2,[[
11,4],'0']],[2,[[10,5],'0']],[2,[[10,4,1],'+']],[2,[[10,4,1],'-']],[2,[[10,3,2
],'+']],[2,[[10,3,2],'-']],[2,[[9,6],'0']],[2,[[9,5..1],'+']],[2,[[9,5..1],'-'
]],[2,[[9,4,2],'+']],[2,[[9,4,2],'-']],[2,[[9,3,2,1],'0']],[2,[[8,6,1],'+']],[
2,[[8,6,1],'-']],[2,[[8,5..2],'+']],[2,[[8,5..2],'-']],[2,[[8,4,3],'+']],[2,[[
8,4,3],'-']],[2,[[8,4,2,1],'0']],[2,[[7,7,1],'+']],[2,[[7,7,1],'-']],[2,[[7,6,
2],'0']],[2,[[7,5..3],'0']],[2,[[7,5,2,1],'+']],[2,[[7,5,2,1],'-']],[2,[[7,4,3
,1],'+']],[2,[[7,4,3,1],'-']],[2,[[6,5..4],'+']],[2,[[6,5..4],'-']],[2,[[6,5,3
,1],'0']],[2,[[6,4,3,2],'0']],[2,[[5,4..1],'+']],[2,[[5,4..1],'-']]]));

