MBT("2.Sym(9)",3,
"(no info text)",
[6,6,6,6,6,6],
[4],
[[31,32,33,34,38,40]],
[],
[[[0,0,0,0,1,-1],[1,-1,2,2,-1,1],[0,0,-1,0,1,0],[1,0,1,0,-1,0],[-1,1,-2,-1,1,
-1],[0,0,1,0,-1,1]]],
[["Sym(9)",0]],
0,
0,
rec(CharacterParameters:=[[1,[9]],[1,[8,1]],[1,[7,2]],[1,[7,1,1]],[1,[6,3]],[1
,[6,2,1]],[1,[5,4]],[1,[5,3..1]],[1,[5,2,2]],[1,[5,2,1,1]],[1,[4,4,1]],[1,[4,3
..2]],[1,[4,3,1,1]],[1,[4,2,2,1]],[1,[3,3,2,1]],[1,[3,2,2,1,1]],[2,[[5,3..1],
'+']],[2,[[5,3..1],'-']],[2,[[4,3..2],'+']],[2,[[4,3..2],'-']],[2,[[3,3,2,1],
'+']],[2,[[3,3,2,1],'-']]]));

MBT("2.Sym(9)",5,
"(no info text)",
[14,15,12,12,13,11,12,12,11],
[1,1,0,0,0],
[],
[[[2..4],[1..3]],[[3,4],[2,5],[1,2],[1,3]]],
[],
[["Sym(9)",0]],
0,
0,
rec(CharacterParameters:=[[1,[9]],[1,[8,1]],[1,[7,2]],[1,[7,1,1]],[1,[6,3]],[1
,[6,2,1]],[1,[6,1,1,1]],[1,[5,4]],[1,[5,3..1]],[1,[5,2,2]],[1,[5,2,1,1]],[1,[5
,1,1,1,1]],[1,[4,4,1]],[1,[4,3..2]],[1,[4,3,1,1]],[1,[4,2,2,1]],[1,[4,2,1,1,1]
],[1,[3,3,3]],[1,[3,3,2,1]],[1,[3,3,1,1,1]],[1,[3,2,2,2]],[1,[3,2,2,1,1]],[1,[
3,2,1,1,1,1]],[1,[2,2,2,2,1]],[1,[2,2,2,1,1,1]],[2,[[7,2],'+']],[2,[[7,2],'-']
],[2,[[6,3],'+']],[2,[[6,3],'-']],[2,[[6,2,1],'0']],[2,[[5,4],'0']],[2,[[5,3..
1],'+']],[2,[[5,3..1],'-']],[2,[[4,3..2],'0']]]));

MBT("2.Sym(9)",7,
"(no info text)",
[25,26,19,23,24,19,22,21,20,19],
[1,0,0,0,0,0,0,0],
[],
[[[3..5],[2..4],[1,2]]],
[],
[["Sym(9)",0]],
0,
0,
rec(CharacterParameters:=[[1,[9]],[1,[8,1]],[1,[7,2]],[1,[7,1,1]],[1,[6,3]],[1
,[6,2,1]],[1,[6,1,1,1]],[1,[5,4]],[1,[5,3..1]],[1,[5,2,2]],[1,[5,2,1,1]],[1,[5
,1,1,1,1]],[1,[4,4,1]],[1,[4,3..2]],[1,[4,3,1,1]],[1,[4,2,2,1]],[1,[4,2,1,1,1]
],[1,[4,1,1,1,1,1]],[1,[3,3,3]],[1,[3,3,2,1]],[1,[3,3,1,1,1]],[1,[3,2,2,2]],[1
,[3,2,2,1,1]],[1,[3,2,1,1,1,1]],[1,[3,1,1,1,1,1,1]],[1,[2,2,2,2,1]],[1,[2,2,2,
1,1,1]],[1,[2,2,1,1,1,1,1]],[2,[[8,1],'+']],[2,[[8,1],'-']],[2,[[7,2],'0']],[2
,[[6,3],'+']],[2,[[6,3],'-']],[2,[[6,2,1],'0']],[2,[[5,4],'+']],[2,[[5,4],'-']
],[2,[[5,3..1],'0']],[2,[[4,3..2],'0']]]));

