MBT("2.Sym(18)",3,
"(no info text)",
[8,10,10,9,9,8,8,9,9,8,8,8,8,8,8,8,8],
[8,2,1],
[[386,389,391,394,399,401,403,404,413,415,425],[393,423,424,442]],
[,,[[1,2],[1,3]]],
[[[-10,0,3,-10,-3,10,6,-18,6,-6,0],[6,-2,-1,4,2,-6,-4,10,-2,4,-2],[-2,1,0,0,0,
0,2,-2,0,0,0],[-6,-2,2,-5,-1,3,8,-11,1,0,0],[4,0,-1,2,1,-2,-5,6,0,0,0],[-2,0,1
,-1,-1,1,3,-3,0,0,0],[6,-2,-1,5,2,-6,-4,10,-2,2,-1],[-3,0,1,-4,-1,4,1,-6,2,-2,
0],[2,0,-1,2,1,-2,-1,3,-1,1,0],[-2,2,0,-1,-1,3,0,-3,1,-2,1],[0,0,0,1,0,-1,1,1,
-1,1,0]],[[0,0,1,0],[0,1,0,0],[0,0,0,1],[1,-1,-1,-1]]],
[["Sym(18)",0]],
0,
0,
rec(CharacterParameters:=[[1,[18]],[1,[17,1]],[1,[16,2]],[1,[16,1,1]],[1,[15,3
]],[1,[15,2,1]],[1,[14,4]],[1,[14,3,1]],[1,[14,2,2]],[1,[14,2,1,1]],[1,[13,5]]
,[1,[13,4,1]],[1,[13,3,2]],[1,[13,3,1,1]],[1,[13,2,2,1]],[1,[12,6]],[1,[12,5,1
]],[1,[12,4,2]],[1,[12,4,1,1]],[1,[12,3,3]],[1,[12,3,2,1]],[1,[12,2,2,1,1]],[1
,[11,7]],[1,[11,6..1]],[1,[11,5,2]],[1,[11,5,1,1]],[1,[11,4,3]],[1,[11,4,2,1]]
,[1,[11,3,3,1]],[1,[11,3,2,2]],[1,[11,3,2,1,1]],[1,[10,8]],[1,[10,7,1]],[1,[10
,6..2]],[1,[10,6,1,1]],[1,[10,5,3]],[1,[10,5,2,1]],[1,[10,4,4]],[1,[10,4,3,1]]
,[1,[10,4,2,2]],[1,[10,4,2,1,1]],[1,[10,3,3,2]],[1,[10,3,3,1,1]],[1,[10,3,2,2,
1]],[1,[9,9]],[1,[9,8,1]],[1,[9,7,2]],[1,[9,7,1,1]],[1,[9,6..3]],[1,[9,6,2,1]]
,[1,[9,5,4]],[1,[9,5,3,1]],[1,[9,5,2,2]],[1,[9,5,2,1,1]],[1,[9,4,4,1]],[1,[9,4
,3,2]],[1,[9,4,3,1,1]],[1,[9,4,2,2,1]],[1,[9,3,3,2,1]],[1,[9,3,2,2,1,1]],[1,[8
,8,2]],[1,[8,8,1,1]],[1,[8,7,3]],[1,[8,7,2,1]],[1,[8,6..4]],[1,[8,6,3,1]],[1,[
8,6,2,2]],[1,[8,6,2,1,1]],[1,[8,5,5]],[1,[8,5,4,1]],[1,[8,5,3,2]],[1,[8,5,3,1,
1]],[1,[8,5,2,2,1]],[1,[8,4,4,2]],[1,[8,4,4,1,1]],[1,[8,4,3,3]],[1,[8,4,3,2,1]
],[1,[8,4,2,2,1,1]],[1,[8,3,3,2,2]],[1,[8,3,3,2,1,1]],[1,[7,7,4]],[1,[7,7,3,1]
],[1,[7,7,2,2]],[1,[7,7,2,1,1]],[1,[7,6..5]],[1,[7,6,4,1]],[1,[7,6,3,2]],[1,[7
,6,3,1,1]],[1,[7,6,2,2,1]],[1,[7,5,5,1]],[1,[7,5,4,2]],[1,[7,5,4,1,1]],[1,[7,5
,3,3]],[1,[7,5,3,2,1]],[1,[7,5,2,2,1,1]],[1,[7,4,4,3]],[1,[7,4,4,2,1]],[1,[7,4
,3,3,1]],[1,[7,4,3,2,2]],[1,[7,4,3,2,1,1]],[1,[7,3,3,2,2,1]],[1,[6,6,5,1]],[1,
[6,6,4,2]],[1,[6,6,4,1,1]],[1,[6,6,3,3]],[1,[6,6,3,2,1]],[1,[6,6,2,2,1,1]],[1,
[6,5,5,2]],[1,[6,5,5,1,1]],[1,[6,5..3]],[1,[6,5,4,2,1]],[1,[6,5,3,3,1]],[1,[6,
5,3,2,2]],[1,[6,5,3,2,1,1]],[1,[6,4,4,3,1]],[1,[6,4,4,2,2]],[1,[6,4,4,2,1,1]],
[1,[6,4,3,3,2]],[1,[6,4,3,3,1,1]],[1,[6,4,3,2,2,1]],[1,[6,3,3,2,2,1,1]],[1,[5,
5,4,4]],[1,[5,5,4,3,1]],[1,[5,5,4,2,2]],[1,[5,5,4,2,1,1]],[1,[5,5,3,3,2]],[1,[
5,5,3,3,1,1]],[1,[5,5,3,2,2,1]],[1,[5,4,4,3,2]],[1,[5,4,4,3,1,1]],[1,[5,4,4,2,
2,1]],[1,[5,4,3,3,2,1]],[1,[5,4,3,2,2,1,1]],[1,[4,4,3,3,2,2]],[1,[4,4,3,3,2,1,
1]],[2,[[8,5,4,1],'0']],[2,[[8,5,3,2],'+']],[2,[[8,5,3,2],'-']],[2,[[7,6,4,1],
'+']],[2,[[7,6,4,1],'-']],[2,[[7,5,4,2],'0']],[2,[[7,5,3,2,1],'0']],[2,[[7,4,3
,3,1],'+']],[2,[[7,4,3,3,1],'-']],[2,[[6,6,4,2],'0']],[2,[[6,5,4,2,1],'0']],[2
,[[6,5,3,3,1],'0']],[2,[[6,4,3,3,2],'0']],[2,[[5,4,3,3,2,1],'0']],[2,[[5,3,3,3
,3,1],'0']],[2,[[4,3,3,3,3,2],'0']],[2,[[3,3,3,3,3,2,1],'0']]]));

MBT("2.Sym(18)",5,
"(no info text)",
[42,43,37,39,39,38,38,37,41,38,38,41,38,38,37,38,38,40,38,38,38,38,38,38,37,37
,37,39,39,37,37,38,38,37,38,38,37,38,38],
[3,3,1,0,1,0,0],
[[386,389,392,393,394,403,410,421,423,433],[388,396,397,398,399,401,402,404,
405,407,411,412,415,416,425,427,440,442,445,453]],
[,,[[3,5],[2,4],[1,2],[1,3]],,[[2..4],[1..3]]],
[[[2,-2,1,-1,2,-1,1,-1,1,1],[2,-2,2,-2,2,-1,1,0,0,0],[-1,2,-2,1,-2,1,0,0,0,0],
[1,-1,1,-1,2,0,0,0,0,0],[-1,3,-3,2,-4,2,0,0,-2,2],[-2,2,-2,2,-3,1,-1,1,-1,0],[
3,-3,2,-2,4,-2,2,-2,2,0],[0,-2,2,-1,2,-1,0,0,1,-1],[1,0,0,0,0,0,0,0,0,0],[-2,2
,-1,1,-2,1,-1,1,-1,0]],[[1,1,1,-1,1,0,0,1,0,0,0,-1,-1,-1,1,1,0,1,-1,0],[0,0,0,
-1,0,0,0,0,1,1,-1,0,1,1,1,-1,0,-1,1,0],[0,1,1,0,1,-1,-1,0,0,-1,1,1,-2,-2,0,1,0
,1,-1,0],[-1,0,0,0,0,-1,-1,0,0,0,1,1,0,0,0,-1,0,-1,1,0],[0,1,1,-1,1,0,0,1,0,0,
0,-1,0,0,0,1,0,0,0,0],[-1,1,1,-1,1,-1,-1,0,1,0,0,1,0,0,0,-1,0,0,0,0],[1,-1,-1,
1,-1,1,1,0,-1,0,0,-1,0,0,0,1,1,0,0,0],[0,0,0,0,-1,0,0,0,1,0,0,1,0,0,0,-1,-1,0,
0,0],[0,0,0,0,1,0,0,0,-1,-1,1,0,-1,-1,0,1,1,0,-1,0],[-1,1,1,-1,1,-1,-1,0,1,0,0
,1,0,0,0,-1,-1,0,1,0],[0,1,1,-1,2,0,-1,1,0,0,0,-1,-1,-1,1,1,1,0,0,0],[-1,2,2,
-2,2,-2,-1,1,2,0,0,1,-1,-1,1,-1,-1,0,0,0],[1,-1,0,0,-1,1,1,0,0,1,-1,-1,1,1,0,0
,0,0,0,0],[1,0,-1,0,-1,1,1,0,0,1,-1,-1,1,1,0,0,0,0,0,0],[1,0,0,0,0,1,0,0,0,0,0
,-1,0,0,0,1,0,0,0,0],[0,0,0,0,0,-1,0,0,0,0,0,1,0,0,0,-1,0,0,0,0],[0,0,0,0,0,0,
0,0,0,0,0,0,0,0,0,0,0,0,0,1],[0,-2,-2,2,-2,1,1,-1,-1,0,0,0,1,1,-1,0,0,0,0,-1],
[0,1,1,0,1,0,-1,0,0,-1,1,0,-1,-2,0,1,0,1,-1,0],[-1,0,0,0,0,-1,0,0,0,0,0,1,0,1,
0,-1,0,-1,1,0]]],
[["Sym(18)",0]],
0,
0,
rec(CharacterParameters:=[[1,[18]],[1,[17,1]],[1,[16,2]],[1,[16,1,1]],[1,[15,3
]],[1,[15,2,1]],[1,[15,1,1,1]],[1,[14,4]],[1,[14,3,1]],[1,[14,2,2]],[1,[14,2,1
,1]],[1,[14,1,1,1,1]],[1,[13,5]],[1,[13,4,1]],[1,[13,3,2]],[1,[13,3,1,1]],[1,[
13,2,2,1]],[1,[13,2,1,1,1]],[1,[12,6]],[1,[12,5,1]],[1,[12,4,2]],[1,[12,4,1,1]
],[1,[12,3,3]],[1,[12,3,2,1]],[1,[12,3,1,1,1]],[1,[12,2,2,2]],[1,[12,2,2,1,1]]
,[1,[12,2,1,1,1,1]],[1,[11,7]],[1,[11,6..1]],[1,[11,5,2]],[1,[11,5,1,1]],[1,[
11,4,3]],[1,[11,4,2,1]],[1,[11,4,1,1,1]],[1,[11,3,3,1]],[1,[11,3,2,2]],[1,[11,
3,2,1,1]],[1,[11,3,1,1,1,1]],[1,[11,2,2,2,1]],[1,[11,2,2,1,1,1]],[1,[10,8]],[1
,[10,7,1]],[1,[10,6..2]],[1,[10,6,1,1]],[1,[10,5,3]],[1,[10,5,2,1]],[1,[10,5,1
,1,1]],[1,[10,4,4]],[1,[10,4,3,1]],[1,[10,4,2,2]],[1,[10,4,2,1,1]],[1,[10,4,1,
1,1,1]],[1,[10,3,3,2]],[1,[10,3,3,1,1]],[1,[10,3,2,2,1]],[1,[10,3,2,1,1,1]],[1
,[10,2,2,2,2]],[1,[10,2,2,2,1,1]],[1,[10,2,2,1,1,1,1]],[1,[9,9]],[1,[9,8,1]],[
1,[9,7,2]],[1,[9,7,1,1]],[1,[9,6..3]],[1,[9,6,2,1]],[1,[9,6,1,1,1]],[1,[9,5,4]
],[1,[9,5,3,1]],[1,[9,5,2,2]],[1,[9,5,2,1,1]],[1,[9,5,1,1,1,1]],[1,[9,4,4,1]],
[1,[9,4,3,2]],[1,[9,4,3,1,1]],[1,[9,4,2,2,1]],[1,[9,4,2,1,1,1]],[1,[9,3,3,3]],
[1,[9,3,3,2,1]],[1,[9,3,3,1,1,1]],[1,[9,3,2,2,2]],[1,[9,3,2,2,1,1]],[1,[9,3,2,
1,1,1,1]],[1,[9,2,2,2,2,1]],[1,[9,2,2,2,1,1,1]],[1,[8,8,2]],[1,[8,8,1,1]],[1,[
8,7,3]],[1,[8,7,2,1]],[1,[8,7,1,1,1]],[1,[8,6..4]],[1,[8,6,3,1]],[1,[8,6,2,2]]
,[1,[8,6,2,1,1]],[1,[8,6,1,1,1,1]],[1,[8,5,5]],[1,[8,5,4,1]],[1,[8,5,3,2]],[1,
[8,5,3,1,1]],[1,[8,5,2,2,1]],[1,[8,5,2,1,1,1]],[1,[8,4,4,2]],[1,[8,4,4,1,1]],[
1,[8,4,3,3]],[1,[8,4,3,2,1]],[1,[8,4,3,1,1,1]],[1,[8,4,2,2,2]],[1,[8,4,2,2,1,1
]],[1,[8,4,2,1,1,1,1]],[1,[8,3,3,3,1]],[1,[8,3,3,2,2]],[1,[8,3,3,2,1,1]],[1,[8
,3,3,1,1,1,1]],[1,[8,3,2,2,2,1]],[1,[8,3,2,2,1,1,1]],[1,[8,2,2,2,2,1,1]],[1,[8
,2,2,2,1,1,1,1]],[1,[7,7,4]],[1,[7,7,3,1]],[1,[7,7,2,2]],[1,[7,7,2,1,1]],[1,[7
,7,1,1,1,1]],[1,[7,6..5]],[1,[7,6,4,1]],[1,[7,6,3,2]],[1,[7,6,3,1,1]],[1,[7,6,
2,2,1]],[1,[7,6,2,1,1,1]],[1,[7,5,5,1]],[1,[7,5,4,2]],[1,[7,5,4,1,1]],[1,[7,5,
3,3]],[1,[7,5,3,2,1]],[1,[7,5,3,1,1,1]],[1,[7,5,2,2,2]],[1,[7,5,2,2,1,1]],[1,[
7,5,2,1,1,1,1]],[1,[7,4,4,3]],[1,[7,4,4,2,1]],[1,[7,4,4,1,1,1]],[1,[7,4,3,3,1]
],[1,[7,4,3,2,2]],[1,[7,4,3,2,1,1]],[1,[7,4,3,1,1,1,1]],[1,[7,4,2,2,2,1]],[1,[
7,4,2,2,1,1,1]],[1,[7,3,3,3,2]],[1,[7,3,3,3,1,1]],[1,[7,3,3,2,2,1]],[1,[7,3,3,
2,1,1,1]],[1,[7,3,2,2,2,2]],[1,[7,3,2,2,2,1,1]],[1,[7,3,2,2,1,1,1,1]],[1,[7,2,
2,2,2,1,1,1]],[1,[6,6,6]],[1,[6,6,5,1]],[1,[6,6,4,2]],[1,[6,6,4,1,1]],[1,[6,6,
3,3]],[1,[6,6,3,2,1]],[1,[6,6,3,1,1,1]],[1,[6,6,2,2,2]],[1,[6,6,2,2,1,1]],[1,[
6,6,2,1,1,1,1]],[1,[6,5,5,2]],[1,[6,5,5,1,1]],[1,[6,5..3]],[1,[6,5,4,2,1]],[1,
[6,5,4,1,1,1]],[1,[6,5,3,3,1]],[1,[6,5,3,2,2]],[1,[6,5,3,2,1,1]],[1,[6,5,3,1,1
,1,1]],[1,[6,5,2,2,2,1]],[1,[6,5,2,2,1,1,1]],[1,[6,4,4,4]],[1,[6,4,4,3,1]],[1,
[6,4,4,2,2]],[1,[6,4,4,2,1,1]],[1,[6,4,4,1,1,1,1]],[1,[6,4,3,3,2]],[1,[6,4,3,3
,1,1]],[1,[6,4,3,2,2,1]],[1,[6,4,3,2,1,1,1]],[1,[6,4,2,2,2,2]],[1,[6,4,2,2,2,1
,1]],[1,[6,4,2,2,1,1,1,1]],[1,[6,3,3,3,3]],[1,[6,3,3,3,2,1]],[1,[6,3,3,3,1,1,1
]],[1,[6,3,3,2,2,2]],[1,[6,3,3,2,2,1,1]],[1,[6,3,3,2,1,1,1,1]],[1,[6,3,2,2,2,2
,1]],[1,[6,3,2,2,2,1,1,1]],[1,[6,2,2,2,2,1,1,1,1]],[1,[5,5,5,3]],[1,[5,5,5,2,1
]],[1,[5,5,5,1,1,1]],[1,[5,5,4,4]],[1,[5,5,4,3,1]],[1,[5,5,4,2,2]],[1,[5,5,4,2
,1,1]],[1,[5,5,4,1,1,1,1]],[1,[5,5,3,3,2]],[1,[5,5,3,3,1,1]],[1,[5,5,3,2,2,1]]
,[1,[5,5,3,2,1,1,1]],[1,[5,5,2,2,2,2]],[1,[5,5,2,2,2,1,1]],[1,[5,5,2,2,1,1,1,1
]],[1,[5,4,4,4,1]],[1,[5,4,4,3,2]],[1,[5,4,4,3,1,1]],[1,[5,4,4,2,2,1]],[1,[5,4
,4,2,1,1,1]],[1,[5,4,3,3,3]],[1,[5,4,3,3,2,1]],[1,[5,4,3,3,1,1,1]],[1,[5,4,3,2
,2,2]],[1,[5,4,3,2,2,1,1]],[1,[5,4,3,2,1,1,1,1]],[1,[5,4,2,2,2,2,1]],[1,[5,4,2
,2,2,1,1,1]],[1,[5,3,3,3,3,1]],[1,[5,3,3,3,2,2]],[1,[5,3,3,3,2,1,1]],[1,[5,3,3
,3,1,1,1,1]],[1,[5,3,3,2,2,2,1]],[1,[5,3,3,2,2,1,1,1]],[1,[5,3,2,2,2,2,1,1]],[
1,[5,3,2,2,2,1,1,1,1]],[1,[4,4,4,4,2]],[1,[4,4,4,4,1,1]],[1,[4,4,4,3,3]],[1,[4
,4,4,3,2,1]],[1,[4,4,4,3,1,1,1]],[1,[4,4,4,2,2,2]],[1,[4,4,4,2,2,1,1]],[1,[4,4
,4,2,1,1,1,1]],[1,[4,4,3,3,3,1]],[1,[4,4,3,3,2,2]],[1,[4,4,3,3,2,1,1]],[1,[4,4
,3,3,1,1,1,1]],[1,[4,4,3,2,2,2,1]],[1,[4,4,3,2,2,1,1,1]],[1,[4,4,2,2,2,2,1,1]]
,[1,[4,4,2,2,2,1,1,1,1]],[1,[4,3,3,3,3,2]],[1,[4,3,3,3,3,1,1]],[1,[4,3,3,3,2,2
,1]],[1,[4,3,3,3,2,1,1,1]],[1,[4,3,3,2,2,2,2]],[1,[4,3,3,2,2,2,1,1]],[1,[4,3,3
,2,2,1,1,1,1]],[1,[4,3,2,2,2,2,1,1,1]],[1,[3,3,3,3,2,2,2]],[1,[3,3,3,3,2,2,1,1
]],[1,[3,3,3,3,2,1,1,1,1]],[1,[3,3,3,2,2,2,2,1]],[1,[3,3,3,2,2,2,1,1,1]],[1,[3
,3,2,2,2,2,1,1,1,1]],[2,[[11,6..1],'+']],[2,[[11,6..1],'-']],[2,[[10,6..2],'0'
]],[2,[[9,7,2],'+']],[2,[[9,7,2],'-']],[2,[[9,6..3],'+']],[2,[[9,6..3],'-']],[
2,[[9,6,2,1],'0']],[2,[[9,5,4],'0']],[2,[[9,5,3,1],'+']],[2,[[9,5,3,1],'-']],[
2,[[9,4,3,2],'0']],[2,[[8,7,3],'+']],[2,[[8,7,3],'-']],[2,[[8,7,2,1],'0']],[2,
[[8,6..4],'+']],[2,[[8,6..4],'-']],[2,[[8,6,3,1],'0']],[2,[[8,5,4,1],'+']],[2,
[[8,5,4,1],'-']],[2,[[8,5,3,2],'+']],[2,[[8,5,3,2],'-']],[2,[[8,4,3,2,1],'+']]
,[2,[[8,4,3,2,1],'-']],[2,[[7,6,4,1],'0']],[2,[[7,6,3,2],'0']],[2,[[7,5,5,1],
'0']],[2,[[7,5,4,2],'+']],[2,[[7,5,4,2],'-']],[2,[[7,5,3,2,1],'0']],[2,[[6,5,5
,2],'0']],[2,[[6,5..3],'+']],[2,[[6,5..3],'-']],[2,[[6,5,4,2,1],'0']],[2,[[5,5
,5,3],'+']],[2,[[5,5,5,3],'-']],[2,[[5,5,5,2,1],'0']],[2,[[5,5,4,3,1],'+']],[2
,[[5,5,4,3,1],'-']]]));

MBT("2.Sym(18)",7,
"(no info text)",
[91,100,101,90,90,90,90,90,90,99,92,93,93,98,97,92,92,94,94,96,93,93,96,90,90,
92,96,92,94,94,90,90,92,95,92,94,94,90,90,92,91,90,90,93,93,90,90,92,91,90,90]
,
[2,1,2,1,1,0,1,0,0,0,0,0],
[[386,387,391,393,401,402,408,409,427,428,429,430,431,432,433,435,442,453],,[
389,398,400,404,407,417,418,423,425]],
[,[[4,5],[2..4],[1..3]],,[[5,6],[4,7],[2,4],[3,5],[1,2],[1,3]],[[5,6],[4,7],[3
,4],[3,5],[2,3],[1,3]],,[[3..5],[2..4],[1,2]]],
[[[0,0,1,0,0,-1,-1,0,-1,0,1,1,0,0,1,-1,-1,0],[0,0,0,-1,0,1,1,0,0,-1,0,0,-1,-1,
1,1,1,0],[0,0,0,1,0,-1,-1,0,0,1,0,0,1,1,-1,-1,0,0],[1,1,-1,1,-1,0,1,0,1,0,-1,
-1,1,1,-1,1,0,0],[-1,-1,1,-1,1,0,-1,0,-1,0,1,1,-1,-1,1,0,0,0],[-1,-1,1,-1,0,1,
0,-1,0,-1,1,1,-1,-1,1,0,0,0],[1,1,-1,1,0,-1,0,1,1,1,-1,-1,1,1,-1,0,0,0],[1,1,
-1,1,-1,0,1,0,1,1,-1,-1,1,1,-1,0,0,0],[-1,-1,1,-1,1,0,-1,0,-1,-1,2,1,-1,-1,1,
-1,0,0],[0,0,0,-1,0,1,1,0,-1,-1,0,1,-1,-1,1,1,0,0],[0,0,0,0,0,0,0,0,0,0,0,0,0,
0,0,0,0,1],[0,0,0,0,0,0,0,0,1,1,-1,-1,1,1,-1,0,0,-1],[0,0,0,1,0,-1,-1,0,0,0,1,
0,1,0,0,-1,-1,0],[0,0,-1,0,0,1,1,0,0,0,-1,0,-1,0,0,1,1,0],[-1,-1,1,0,0,0,-1,0,
0,0,1,0,0,0,0,-1,0,0],[0,0,0,0,0,0,1,0,0,0,-1,0,0,0,0,1,0,0],[1,0,0,0,0,0,0,0,
0,0,0,0,0,0,0,0,0,0],[0,1,0,0,0,0,0,0,0,0,0,0,0,0,0,0,0,0]],,[[0,1,-1,1,0,-1,1
,-1,2],[1,-1,1,-2,0,1,-1,2,-2],[-2,2,-1,2,-1,-1,2,-2,2],[2,-2,1,-2,1,2,-2,2,-2
],[0,0,0,0,0,1,-1,1,-1],[-1,1,-1,2,0,-2,2,-2,2],[-1,1,0,0,0,0,0,0,0],[0,-1,1,
-1,0,1,-1,1,-1],[1,0,0,0,0,0,0,0,0]]],
[["Sym(18)",0]],
0,
0,
rec(CharacterParameters:=[[1,[18]],[1,[17,1]],[1,[16,2]],[1,[16,1,1]],[1,[15,3
]],[1,[15,2,1]],[1,[15,1,1,1]],[1,[14,4]],[1,[14,3,1]],[1,[14,2,2]],[1,[14,2,1
,1]],[1,[14,1,1,1,1]],[1,[13,5]],[1,[13,4,1]],[1,[13,3,2]],[1,[13,3,1,1]],[1,[
13,2,2,1]],[1,[13,2,1,1,1]],[1,[13,1,1,1,1,1]],[1,[12,6]],[1,[12,5,1]],[1,[12,
4,2]],[1,[12,4,1,1]],[1,[12,3,3]],[1,[12,3,2,1]],[1,[12,3,1,1,1]],[1,[12,2,2,2
]],[1,[12,2,2,1,1]],[1,[12,2,1,1,1,1]],[1,[12,1,1,1,1,1,1]],[1,[11,7]],[1,[11,
6..1]],[1,[11,5,2]],[1,[11,5,1,1]],[1,[11,4,3]],[1,[11,4,2,1]],[1,[11,4,1,1,1]
],[1,[11,3,3,1]],[1,[11,3,2,2]],[1,[11,3,2,1,1]],[1,[11,3,1,1,1,1]],[1,[11,2,2
,2,1]],[1,[11,2,2,1,1,1]],[1,[11,2,1,1,1,1,1]],[1,[10,8]],[1,[10,7,1]],[1,[10,
6..2]],[1,[10,6,1,1]],[1,[10,5,3]],[1,[10,5,2,1]],[1,[10,5,1,1,1]],[1,[10,4,4]
],[1,[10,4,3,1]],[1,[10,4,2,2]],[1,[10,4,2,1,1]],[1,[10,4,1,1,1,1]],[1,[10,3,3
,2]],[1,[10,3,3,1,1]],[1,[10,3,2,2,1]],[1,[10,3,2,1,1,1]],[1,[10,3,1,1,1,1,1]]
,[1,[10,2,2,2,2]],[1,[10,2,2,2,1,1]],[1,[10,2,2,1,1,1,1]],[1,[10,2,1,1,1,1,1,1
]],[1,[9,9]],[1,[9,8,1]],[1,[9,7,2]],[1,[9,7,1,1]],[1,[9,6..3]],[1,[9,6,2,1]],
[1,[9,6,1,1,1]],[1,[9,5,4]],[1,[9,5,3,1]],[1,[9,5,2,2]],[1,[9,5,2,1,1]],[1,[9,
5,1,1,1,1]],[1,[9,4,4,1]],[1,[9,4,3,2]],[1,[9,4,3,1,1]],[1,[9,4,2,2,1]],[1,[9,
4,2,1,1,1]],[1,[9,4,1,1,1,1,1]],[1,[9,3,3,3]],[1,[9,3,3,2,1]],[1,[9,3,3,1,1,1]
],[1,[9,3,2,2,2]],[1,[9,3,2,2,1,1]],[1,[9,3,2,1,1,1,1]],[1,[9,3,1,1,1,1,1,1]],
[1,[9,2,2,2,2,1]],[1,[9,2,2,2,1,1,1]],[1,[9,2,2,1,1,1,1,1]],[1,[8,8,2]],[1,[8,
8,1,1]],[1,[8,7,3]],[1,[8,7,2,1]],[1,[8,7,1,1,1]],[1,[8,6..4]],[1,[8,6,3,1]],[
1,[8,6,2,2]],[1,[8,6,2,1,1]],[1,[8,6,1,1,1,1]],[1,[8,5,5]],[1,[8,5,4,1]],[1,[8
,5,3,2]],[1,[8,5,3,1,1]],[1,[8,5,2,2,1]],[1,[8,5,2,1,1,1]],[1,[8,5,1,1,1,1,1]]
,[1,[8,4,4,2]],[1,[8,4,4,1,1]],[1,[8,4,3,3]],[1,[8,4,3,2,1]],[1,[8,4,3,1,1,1]]
,[1,[8,4,2,2,2]],[1,[8,4,2,2,1,1]],[1,[8,4,2,1,1,1,1]],[1,[8,4,1,1,1,1,1,1]],[
1,[8,3,3,3,1]],[1,[8,3,3,2,2]],[1,[8,3,3,2,1,1]],[1,[8,3,3,1,1,1,1]],[1,[8,3,2
,2,2,1]],[1,[8,3,2,2,1,1,1]],[1,[8,3,2,1,1,1,1,1]],[1,[8,2,2,2,2,2]],[1,[8,2,2
,2,2,1,1]],[1,[8,2,2,2,1,1,1,1]],[1,[8,2,2,1,1,1,1,1,1]],[1,[7,7,4]],[1,[7,7,3
,1]],[1,[7,7,2,2]],[1,[7,7,2,1,1]],[1,[7,7,1,1,1,1]],[1,[7,6..5]],[1,[7,6,4,1]
],[1,[7,6,3,2]],[1,[7,6,3,1,1]],[1,[7,6,2,2,1]],[1,[7,6,2,1,1,1]],[1,[7,6,1,1,
1,1,1]],[1,[7,5,5,1]],[1,[7,5,4,2]],[1,[7,5,4,1,1]],[1,[7,5,3,3]],[1,[7,5,3,2,
1]],[1,[7,5,3,1,1,1]],[1,[7,5,2,2,2]],[1,[7,5,2,2,1,1]],[1,[7,5,2,1,1,1,1]],[1
,[7,5,1,1,1,1,1,1]],[1,[7,4,4,3]],[1,[7,4,4,2,1]],[1,[7,4,4,1,1,1]],[1,[7,4,3,
3,1]],[1,[7,4,3,2,2]],[1,[7,4,3,2,1,1]],[1,[7,4,3,1,1,1,1]],[1,[7,4,2,2,2,1]],
[1,[7,4,2,2,1,1,1]],[1,[7,4,2,1,1,1,1,1]],[1,[7,3,3,3,2]],[1,[7,3,3,3,1,1]],[1
,[7,3,3,2,2,1]],[1,[7,3,3,2,1,1,1]],[1,[7,3,3,1,1,1,1,1]],[1,[7,3,2,2,2,2]],[1
,[7,3,2,2,2,1,1]],[1,[7,3,2,2,1,1,1,1]],[1,[7,3,2,1,1,1,1,1,1]],[1,[7,2,2,2,2,
2,1]],[1,[7,2,2,2,2,1,1,1]],[1,[7,2,2,2,1,1,1,1,1]],[1,[6,6,6]],[1,[6,6,5,1]],
[1,[6,6,4,2]],[1,[6,6,4,1,1]],[1,[6,6,3,3]],[1,[6,6,3,2,1]],[1,[6,6,3,1,1,1]],
[1,[6,6,2,2,2]],[1,[6,6,2,2,1,1]],[1,[6,6,2,1,1,1,1]],[1,[6,6,1,1,1,1,1,1]],[1
,[6,5,5,2]],[1,[6,5,5,1,1]],[1,[6,5..3]],[1,[6,5,4,2,1]],[1,[6,5,4,1,1,1]],[1,
[6,5,3,3,1]],[1,[6,5,3,2,2]],[1,[6,5,3,2,1,1]],[1,[6,5,3,1,1,1,1]],[1,[6,5,2,2
,2,1]],[1,[6,5,2,2,1,1,1]],[1,[6,5,2,1,1,1,1,1]],[1,[6,4,4,4]],[1,[6,4,4,3,1]]
,[1,[6,4,4,2,2]],[1,[6,4,4,2,1,1]],[1,[6,4,4,1,1,1,1]],[1,[6,4,3,3,2]],[1,[6,4
,3,3,1,1]],[1,[6,4,3,2,2,1]],[1,[6,4,3,2,1,1,1]],[1,[6,4,3,1,1,1,1,1]],[1,[6,4
,2,2,2,2]],[1,[6,4,2,2,2,1,1]],[1,[6,4,2,2,1,1,1,1]],[1,[6,4,2,1,1,1,1,1,1]],[
1,[6,3,3,3,3]],[1,[6,3,3,3,2,1]],[1,[6,3,3,3,1,1,1]],[1,[6,3,3,2,2,2]],[1,[6,3
,3,2,2,1,1]],[1,[6,3,3,2,1,1,1,1]],[1,[6,3,3,1,1,1,1,1,1]],[1,[6,3,2,2,2,2,1]]
,[1,[6,3,2,2,2,1,1,1]],[1,[6,3,2,2,1,1,1,1,1]],[1,[6,2,2,2,2,2,2]],[1,[6,2,2,2
,2,2,1,1]],[1,[6,2,2,2,2,1,1,1,1]],[1,[6,2,2,2,1,1,1,1,1,1]],[1,[5,5,5,3]],[1,
[5,5,5,2,1]],[1,[5,5,5,1,1,1]],[1,[5,5,4,4]],[1,[5,5,4,3,1]],[1,[5,5,4,2,2]],[
1,[5,5,4,2,1,1]],[1,[5,5,4,1,1,1,1]],[1,[5,5,3,3,2]],[1,[5,5,3,3,1,1]],[1,[5,5
,3,2,2,1]],[1,[5,5,3,2,1,1,1]],[1,[5,5,3,1,1,1,1,1]],[1,[5,5,2,2,2,2]],[1,[5,5
,2,2,2,1,1]],[1,[5,5,2,2,1,1,1,1]],[1,[5,5,2,1,1,1,1,1,1]],[1,[5,4,4,4,1]],[1,
[5,4,4,3,2]],[1,[5,4,4,3,1,1]],[1,[5,4,4,2,2,1]],[1,[5,4,4,2,1,1,1]],[1,[5,4,4
,1,1,1,1,1]],[1,[5,4,3,3,3]],[1,[5,4,3,3,2,1]],[1,[5,4,3,3,1,1,1]],[1,[5,4,3,2
,2,2]],[1,[5,4,3,2,2,1,1]],[1,[5,4,3,2,1,1,1,1]],[1,[5,4,3,1,1,1,1,1,1]],[1,[5
,4,2,2,2,2,1]],[1,[5,4,2,2,2,1,1,1]],[1,[5,4,2,2,1,1,1,1,1]],[1,[5,3,3,3,3,1]]
,[1,[5,3,3,3,2,2]],[1,[5,3,3,3,2,1,1]],[1,[5,3,3,3,1,1,1,1]],[1,[5,3,3,2,2,2,1
]],[1,[5,3,3,2,2,1,1,1]],[1,[5,3,3,2,1,1,1,1,1]],[1,[5,3,2,2,2,2,2]],[1,[5,3,2
,2,2,2,1,1]],[1,[5,3,2,2,2,1,1,1,1]],[1,[5,3,2,2,1,1,1,1,1,1]],[1,[5,2,2,2,2,2
,2,1]],[1,[5,2,2,2,2,2,1,1,1]],[1,[5,2,2,2,2,1,1,1,1,1]],[1,[4,4,4,4,2]],[1,[4
,4,4,4,1,1]],[1,[4,4,4,3,3]],[1,[4,4,4,3,2,1]],[1,[4,4,4,3,1,1,1]],[1,[4,4,4,2
,2,2]],[1,[4,4,4,2,2,1,1]],[1,[4,4,4,2,1,1,1,1]],[1,[4,4,4,1,1,1,1,1,1]],[1,[4
,4,3,3,3,1]],[1,[4,4,3,3,2,2]],[1,[4,4,3,3,2,1,1]],[1,[4,4,3,3,1,1,1,1]],[1,[4
,4,3,2,2,2,1]],[1,[4,4,3,2,2,1,1,1]],[1,[4,4,3,2,1,1,1,1,1]],[1,[4,4,2,2,2,2,2
]],[1,[4,4,2,2,2,2,1,1]],[1,[4,4,2,2,2,1,1,1,1]],[1,[4,4,2,2,1,1,1,1,1,1]],[1,
[4,3,3,3,3,2]],[1,[4,3,3,3,3,1,1]],[1,[4,3,3,3,2,2,1]],[1,[4,3,3,3,2,1,1,1]],[
1,[4,3,3,3,1,1,1,1,1]],[1,[4,3,3,2,2,2,2]],[1,[4,3,3,2,2,2,1,1]],[1,[4,3,3,2,2
,1,1,1,1]],[1,[4,3,3,2,1,1,1,1,1,1]],[1,[4,3,2,2,2,2,2,1]],[1,[4,3,2,2,2,2,1,1
,1]],[1,[4,3,2,2,2,1,1,1,1,1]],[1,[4,2,2,2,2,2,2,1,1]],[1,[4,2,2,2,2,2,1,1,1,1
]],[1,[4,2,2,2,2,1,1,1,1,1,1]],[1,[3,3,3,3,3,3]],[1,[3,3,3,3,3,2,1]],[1,[3,3,3
,3,3,1,1,1]],[1,[3,3,3,3,2,2,2]],[1,[3,3,3,3,2,2,1,1]],[1,[3,3,3,3,2,1,1,1,1]]
,[1,[3,3,3,3,1,1,1,1,1,1]],[1,[3,3,3,2,2,2,2,1]],[1,[3,3,3,2,2,2,1,1,1]],[1,[3
,3,3,2,2,1,1,1,1,1]],[1,[3,3,2,2,2,2,2,2]],[1,[3,3,2,2,2,2,2,1,1]],[1,[3,3,2,2
,2,2,1,1,1,1]],[1,[3,3,2,2,2,1,1,1,1,1,1]],[1,[3,2,2,2,2,2,2,1,1,1]],[1,[3,2,2
,2,2,2,1,1,1,1,1]],[1,[2,2,2,2,2,2,1,1,1,1,1,1]],[2,[[12,6],'0']],[2,[[12,5,1]
,'+']],[2,[[12,5,1],'-']],[2,[[11,6..1],'+']],[2,[[11,6..1],'-']],[2,[[11,5,2]
,'+']],[2,[[11,5,2],'-']],[2,[[11,4,3],'+']],[2,[[11,4,3],'-']],[2,[[11,4,2,1]
,'0']],[2,[[10,7,1],'0']],[2,[[10,6..2],'+']],[2,[[10,6..2],'-']],[2,[[10,5,3]
,'+']],[2,[[10,5,3],'-']],[2,[[10,5,2,1],'0']],[2,[[10,4,3,1],'0']],[2,[[9,8,1
],'+']],[2,[[9,8,1],'-']],[2,[[9,7,2],'0']],[2,[[9,6..3],'+']],[2,[[9,6..3],
'-']],[2,[[9,6,2,1],'0']],[2,[[9,5,4],'+']],[2,[[9,5,4],'-']],[2,[[9,5,3,1],
'0']],[2,[[9,4,3,2],'0']],[2,[[8,7,3],'0']],[2,[[8,7,2,1],'+']],[2,[[8,7,2,1],
'-']],[2,[[8,6..4],'+']],[2,[[8,6..4],'-']],[2,[[8,6,3,1],'0']],[2,[[8,5,4,1],
'0']],[2,[[8,5,3,2],'0']],[2,[[8,4,3,2,1],'+']],[2,[[8,4,3,2,1],'-']],[2,[[7,7
,4],'+']],[2,[[7,7,4],'-']],[2,[[7,7,3,1],'0']],[2,[[7,6..5],'0']],[2,[[7,6,4,
1],'+']],[2,[[7,6,4,1],'-']],[2,[[7,6,3,2],'+']],[2,[[7,6,3,2],'-']],[2,[[7,5,
4,2],'+']],[2,[[7,5,4,2],'-']],[2,[[7,5,3,2,1],'0']],[2,[[6,5..3],'0']],[2,[[6
,5,4,2,1],'+']],[2,[[6,5,4,2,1],'-']]]));

