MBT("2.Sym(4)",3,
"(no info text)",
[1,3,1,2,4,4],
[1,0,0,1],
[],
[[[2,3],[1,2]],,,[[1,3],[1,2]]],
[],
0,
0,
0,
rec(CharacterParameters:=[[1,[4]],[1,[3,1]],[1,[2,2]],[1,[2,1,1]],[2,[[3,1],
'+']],[2,[[3,1],'-']]]));

MBT("2.Sym(4)",5,
"(no info text)",
[1..8],
[0,0,0,0,0,0,0,0],
[],
[],
[],
0,
0,
0,
rec(CharacterParameters:=[[1,[1,1,1,1]],[1,[2,1,1]],[1,[2,2]],[1,[3,1]],[1,[4]
],[2,[[3,1],'0']],[2,[[4],'+']],[2,[[4],'-']]]));

MBT("2.Sym(4)",7,
"(no info text)",
[1..8],
[0,0,0,0,0,0,0,0],
[],
[],
[],
0,
0,
0,
rec(CharacterParameters:=[[1,[1,1,1,1]],[1,[2,1,1]],[1,[2,2]],[1,[3,1]],[1,[4]
],[2,[[3,1],'0']],[2,[[4],'+']],[2,[[4],'-']]]));

