MBT("2.Alt(7)",3,
"(no info text)",
[4,3,3,3,3],
[2,0],
[[10,11,12,15]],
[],
[[[-1,0,1,0],[0,-1,1,0],[1,1,-1,-1],[0,0,0,1]]],
[["Alt(7)",0]],
0,
0,
rec(CharacterParameters:=[[1,[7]],[1,[6,1]],[1,[5,2]],[1,[5,1,1]],[1,[[4,2,1],
'+']],[1,[[4,2,1],'-']],[2,[[5,2],'0']],[2,[[4,2,1],'+']],[2,[[4,2,1],'-']],[2
,[[3,3,1],'+']],[2,[[3,3,1],'-']]]));

MBT("2.Alt(7)",5,
"(no info text)",
[8,6,6,7,6,6],
[1,0,0],
[],
[[[3,5],[3,4],[2,3],[1,3]]],
[],
[["Alt(7)",0]],
0,
0,
rec(CharacterParameters:=[[1,[7]],[1,[6,1]],[1,[5,2]],[1,[5,1,1]],[1,[4,3]],[1
,[4,2,1]],[1,[[4,1,1,1],'+']],[1,[[4,1,1,1],'-']],[2,[[6,1],'0']],[2,[[5,2],
'+']],[2,[[5,2],'-']],[2,[[4,3],'0']],[2,[[4,2,1],'+']],[2,[[4,2,1],'-']]]));

MBT("2.Alt(7)",7,
"(no info text)",
[8,8,8,7,6],
[0,0,1],
[],
[,,[[3..5],[2,3],[1,2]]],
[],
[["Alt(7)",0]],
0,
0,
rec(CharacterParameters:=[[1,[7]],[1,[6,1]],[1,[5,2]],[1,[5,1,1]],[1,[4,3]],[1
,[4,2,1]],[1,[3,3,1]],[2,[[6,1],'0']],[2,[[5,2],'0']],[2,[[4,3],'0']],[2,[[4,2
,1],'+']],[2,[[4,2,1],'-']]]));

