MBT("2.Sym(12)",3,
"(no info text)",
[9,10,8,8,8,8,8],
[5,0,0],
[[78,79,82,84,90]],
[],
[[[2,-8,2,-2,1],[-1,6,-2,2,0],[1,-3,1,-1,0],[-1,4,-1,2,-1],[0,-2,1,-1,0]]],
[["Sym(12)",0]],
0,
0,
rec(CharacterParameters:=[[1,[12]],[1,[11,1]],[1,[10,2]],[1,[10,1,1]],[1,[9,3]
],[1,[9,2,1]],[1,[8,4]],[1,[8,3,1]],[1,[8,2,2]],[1,[8,2,1,1]],[1,[7,5]],[1,[7,
4..1]],[1,[7,3,2]],[1,[7,3,1,1]],[1,[7,2,2,1]],[1,[6,6]],[1,[6,5,1]],[1,[6,4..
2]],[1,[6,4,1,1]],[1,[6,3,3]],[1,[6,3,2,1]],[1,[6,2,2,1,1]],[1,[5,5,2]],[1,[5,
5,1,1]],[1,[5,4..3]],[1,[5,4,2,1]],[1,[5,3,3,1]],[1,[5,3,2,2]],[1,[5,3,2,1,1]]
,[1,[4,4,3,1]],[1,[4,4,2,2]],[1,[4,4,2,1,1]],[1,[4,3,3,2]],[1,[4,3,3,1,1]],[1,
[4,3,2,2,1]],[1,[3,3,2,2,1,1]],[2,[[7,4..1],'+']],[2,[[7,4..1],'-']],[2,[[6,4
..2],'0']],[2,[[5,4,2,1],'0']],[2,[[5,3,3,1],'0']],[2,[[4,3,3,2],'0']],[2,[[3,
3,3,2,1],'0']]]));

MBT("2.Sym(12)",5,
"(no info text)",
[21,23,24,20,20,20,20,22,20,20,22,20,20,21,20,20],
[2,1,1,0,0],
[[78,82,83,86,87,88,89,90,94,99]],
[,[[3,4],[1..3]],[[2..4],[1..3]]],
[[[-1,1,0,0,1,-1,-1,1,1,0],[0,-1,0,1,0,0,0,1,-1,0],[1,0,-1,-1,0,1,1,-1,0,0],[1
,-1,0,0,-1,1,1,-1,0,0],[-1,1,0,1,1,-1,-1,1,0,0],[-1,0,1,1,1,-1,-1,1,0,0],[0,0,
0,-1,-1,1,1,-1,0,-1],[0,0,0,0,0,0,0,0,0,1],[0,1,0,0,0,-1,0,0,1,0],[1,-1,0,0,0,
1,0,0,-1,0]]],
[["Sym(12)",0]],
0,
0,
rec(CharacterParameters:=[[1,[12]],[1,[11,1]],[1,[10,2]],[1,[10,1,1]],[1,[9,3]
],[1,[9,2,1]],[1,[9,1,1,1]],[1,[8,4]],[1,[8,3,1]],[1,[8,2,2]],[1,[8,2,1,1]],[1
,[8,1,1,1,1]],[1,[7,5]],[1,[7,4..1]],[1,[7,3,2]],[1,[7,3,1,1]],[1,[7,2,2,1]],[
1,[7,2,1,1,1]],[1,[6,6]],[1,[6,5,1]],[1,[6,4..2]],[1,[6,4,1,1]],[1,[6,3,3]],[1
,[6,3,2,1]],[1,[6,3,1,1,1]],[1,[6,2,2,2]],[1,[6,2,2,1,1]],[1,[6,2,1,1,1,1]],[1
,[5,5,2]],[1,[5,5,1,1]],[1,[5,4..3]],[1,[5,4,2,1]],[1,[5,4,1,1,1]],[1,[5,3,3,1
]],[1,[5,3,2,2]],[1,[5,3,2,1,1]],[1,[5,3,1,1,1,1]],[1,[5,2,2,2,1]],[1,[5,2,2,1
,1,1]],[1,[4,4,4]],[1,[4,4,3,1]],[1,[4,4,2,2]],[1,[4,4,2,1,1]],[1,[4,4,1,1,1,1
]],[1,[4,3,3,2]],[1,[4,3,3,1,1]],[1,[4,3,2,2,1]],[1,[4,3,2,1,1,1]],[1,[4,2,2,2
,2]],[1,[4,2,2,2,1,1]],[1,[4,2,2,1,1,1,1]],[1,[3,3,3,3]],[1,[3,3,3,2,1]],[1,[3
,3,3,1,1,1]],[1,[3,3,2,2,2]],[1,[3,3,2,2,1,1]],[1,[3,3,2,1,1,1,1]],[1,[3,2,2,2
,2,1]],[1,[3,2,2,2,1,1,1]],[1,[2,2,2,2,1,1,1,1]],[2,[[8,4],'0']],[2,[[8,3,1],
'+']],[2,[[8,3,1],'-']],[2,[[7,4..1],'+']],[2,[[7,4..1],'-']],[2,[[7,3,2],'+']
],[2,[[7,3,2],'-']],[2,[[6,5,1],'0']],[2,[[6,4..2],'+']],[2,[[6,4..2],'-']],[2
,[[6,3,2,1],'0']],[2,[[5,5,2],'+']],[2,[[5,5,2],'-']],[2,[[5,4..3],'0']],[2,[[
5,4,2,1],'+']],[2,[[5,4,2,1],'-']]]));

MBT("2.Sym(12)",7,
"(no info text)",
[38,43,44,36,41,42,37,37,36,38,37,37,39,40,38,37,37,36],
[1,1,1,0,0,0,0,0,0],
[],
[[[4,5],[2..4],[1..3]],[[5,7],[5,6],[4,5],[3,5],[2,3],[1,4]],1],
[],
[["Sym(12)",0]],
0,
0,
rec(CharacterParameters:=[[1,[12]],[1,[11,1]],[1,[10,2]],[1,[10,1,1]],[1,[9,3]
],[1,[9,2,1]],[1,[9,1,1,1]],[1,[8,4]],[1,[8,3,1]],[1,[8,2,2]],[1,[8,2,1,1]],[1
,[8,1,1,1,1]],[1,[7,5]],[1,[7,4..1]],[1,[7,3,2]],[1,[7,3,1,1]],[1,[7,2,2,1]],[
1,[7,2,1,1,1]],[1,[7,1,1,1,1,1]],[1,[6,6]],[1,[6,5,1]],[1,[6,4..2]],[1,[6,4,1,
1]],[1,[6,3,3]],[1,[6,3,2,1]],[1,[6,3,1,1,1]],[1,[6,2,2,2]],[1,[6,2,2,1,1]],[1
,[6,2,1,1,1,1]],[1,[6,1,1,1,1,1,1]],[1,[5,5,2]],[1,[5,5,1,1]],[1,[5,4..3]],[1,
[5,4,2,1]],[1,[5,4,1,1,1]],[1,[5,3,3,1]],[1,[5,3,2,2]],[1,[5,3,2,1,1]],[1,[5,3
,1,1,1,1]],[1,[5,2,2,2,1]],[1,[5,2,2,1,1,1]],[1,[5,2,1,1,1,1,1]],[1,[4,4,4]],[
1,[4,4,3,1]],[1,[4,4,2,2]],[1,[4,4,2,1,1]],[1,[4,4,1,1,1,1]],[1,[4,3,3,2]],[1,
[4,3,3,1,1]],[1,[4,3,2,2,1]],[1,[4,3,2,1,1,1]],[1,[4,3,1,1,1,1,1]],[1,[4,2,2,2
,2]],[1,[4,2,2,2,1,1]],[1,[4,2,2,1,1,1,1]],[1,[4,2,1,1,1,1,1,1]],[1,[3,3,3,3]]
,[1,[3,3,3,2,1]],[1,[3,3,3,1,1,1]],[1,[3,3,2,2,2]],[1,[3,3,2,2,1,1]],[1,[3,3,2
,1,1,1,1]],[1,[3,3,1,1,1,1,1,1]],[1,[3,2,2,2,2,1]],[1,[3,2,2,2,1,1,1]],[1,[3,2
,2,1,1,1,1,1]],[1,[2,2,2,2,2,2]],[1,[2,2,2,2,2,1,1]],[1,[2,2,2,2,1,1,1,1]],[1,
[2,2,2,1,1,1,1,1,1]],[2,[[9,3],'0']],[2,[[9,2,1],'+']],[2,[[9,2,1],'-']],[2,[[
8,4],'0']],[2,[[8,3,1],'+']],[2,[[8,3,1],'-']],[2,[[7,5],'+']],[2,[[7,5],'-']]
,[2,[[7,4..1],'0']],[2,[[7,3,2],'0']],[2,[[6,5,1],'+']],[2,[[6,5,1],'-']],[2,[
[6,4..2],'+']],[2,[[6,4..2],'-']],[2,[[6,3,2,1],'0']],[2,[[5,4..3],'+']],[2,[[
5,4..3],'-']],[2,[[5,4,2,1],'0']]]));

