MBT("2.Sym(10)",5,
"(no info text)",
[16,19,20,16,17,18,16,16,16],
[2,0,0,0,0],
[[43,44,46,50,53]],
[],
[[[2,-2,2,-1,1],[-1,1,-2,1,0],[0,-1,1,0,0],[-1,1,0,0,0],[1,0,0,0,0]]],
[["Sym(10)",0]],
0,
0,
rec(CharacterParameters:=[[1,[10]],[1,[9,1]],[1,[8,2]],[1,[8,1,1]],[1,[7,3]],[
1,[7,2,1]],[1,[7,1,1,1]],[1,[6,4]],[1,[6,3,1]],[1,[6,2,2]],[1,[6,2,1,1]],[1,[6
,1,1,1,1]],[1,[5,5]],[1,[5,4,1]],[1,[5,3,2]],[1,[5,3,1,1]],[1,[5,2,2,1]],[1,[5
,2,1,1,1]],[1,[4,4,2]],[1,[4,4,1,1]],[1,[4,3,3]],[1,[4,3..1]],[1,[4,3,1,1,1]],
[1,[4,2,2,2]],[1,[4,2,2,1,1]],[1,[4,2,1,1,1,1]],[1,[3,3,3,1]],[1,[3,3,2,2]],[1
,[3,3,2,1,1]],[1,[3,3,1,1,1,1]],[1,[3,2,2,2,1]],[1,[3,2,2,1,1,1]],[1,[2,2,2,2,
1,1]],[1,[2,2,2,1,1,1,1]],[2,[[7,3],'0']],[2,[[7,2,1],'+']],[2,[[7,2,1],'-']],
[2,[[6,4],'0']],[2,[[6,3,1],'+']],[2,[[6,3,1],'-']],[2,[[5,4,1],'0']],[2,[[5,3
,2],'0']],[2,[[4,3..1],'0']]]));

MBT("2.Sym(10)",3,
"(no info text)",
[6,6,7,6,6,6,6],
[4,1],
[[43,46,47,50,51,56]],
[,[[1..3]]],
[[[1,-1,0,1,0,0],[1,0,-1,1,0,0],[1,-1,0,0,1,0],[0,1,0,0,-1,0],[0,0,0,0,0,1],[
-2,1,1,-1,0,-1]]],
[["Sym(10)",0]],
0,
0,
rec(CharacterParameters:=[[1,[10]],[1,[9,1]],[1,[8,2]],[1,[8,1,1]],[1,[7,3]],[
1,[7,2,1]],[1,[6,4]],[1,[6,3,1]],[1,[6,2,2]],[1,[6,2,1,1]],[1,[5,5]],[1,[5,4,1
]],[1,[5,3,2]],[1,[5,3,1,1]],[1,[5,2,2,1]],[1,[4,4,2]],[1,[4,4,1,1]],[1,[4,3,3
]],[1,[4,3..1]],[1,[4,2,2,1,1]],[1,[3,3,2,2]],[1,[3,3,2,1,1]],[2,[[5,4,1],'+']
],[2,[[5,4,1],'-']],[2,[[5,3,2],'0']],[2,[[4,3..1],'+']],[2,[[4,3..1],'-']],[2
,[[3,3,3,1],'+']],[2,[[3,3,3,1],'-']]]));

MBT("2.Sym(10)",7,
"(no info text)",
[25,26,26,25,29,26,26,28,27,26,26,25],
[1,1,0,0,0],
[],
[[[4,5],[2..4],[1..3]],[[5,6],[5,7],[4,5],[3,5],[1,3],[2,4]]],
[],
[["Sym(10)",0]],
0,
0,
rec(CharacterParameters:=[[1,[10]],[1,[9,1]],[1,[8,2]],[1,[8,1,1]],[1,[7,3]],[
1,[7,2,1]],[1,[7,1,1,1]],[1,[6,4]],[1,[6,3,1]],[1,[6,2,2]],[1,[6,2,1,1]],[1,[6
,1,1,1,1]],[1,[5,5]],[1,[5,4,1]],[1,[5,3,2]],[1,[5,3,1,1]],[1,[5,2,2,1]],[1,[5
,2,1,1,1]],[1,[5,1,1,1,1,1]],[1,[4,4,2]],[1,[4,4,1,1]],[1,[4,3,3]],[1,[4,3..1]
],[1,[4,3,1,1,1]],[1,[4,2,2,2]],[1,[4,2,2,1,1]],[1,[4,2,1,1,1,1]],[1,[4,1,1,1,
1,1,1]],[1,[3,3,3,1]],[1,[3,3,2,2]],[1,[3,3,2,1,1]],[1,[3,3,1,1,1,1]],[1,[3,2,
2,2,1]],[1,[3,2,2,1,1,1]],[1,[3,2,1,1,1,1,1]],[1,[2,2,2,2,2]],[1,[2,2,2,2,1,1]
],[1,[2,2,2,1,1,1,1]],[1,[2,2,1,1,1,1,1,1]],[2,[[8,2],'0']],[2,[[7,3],'+']],[2
,[[7,3],'-']],[2,[[7,2,1],'0']],[2,[[6,4],'0']],[2,[[6,3,1],'+']],[2,[[6,3,1],
'-']],[2,[[5,4,1],'+']],[2,[[5,4,1],'-']],[2,[[5,3,2],'+']],[2,[[5,3,2],'-']],
[2,[[4,3..1],'0']]]));

