MBT("2.Alt(11)",3,
"(no info text)",
[5,4,4,4,4,5,4,4],
[4,2],
[[32,33,34,39,43,48],[37,42]],
[],
[[[1,-1,0,1,0,0],[1,0,-1,1,0,0],[0,0,1,0,-1,0],[1,0,-1,0,1,0],[0,0,0,0,0,1],[
-2,1,1,-1,0,-1]],[[0,1],[1,-1]]],
[["Alt(11)",0]],
0,
0,
rec(CharacterParameters:=[[1,[11]],[1,[10,1]],[1,[9,2]],[1,[9,1,1]],[1,[8,3]],
[1,[8,2,1]],[1,[7,4]],[1,[7,3,1]],[1,[7,2,2]],[1,[7,2,1,1]],[1,[6,4,1]],[1,[[6
,3,2],'+']],[1,[[6,3,2],'-']],[1,[6,3,1,1]],[1,[6,2,2,1]],[2,[[6,4,1],'0']],[2
,[[5,4,2],'+']],[2,[[5,4,2],'-']],[2,[[5,3,2,1],'+']],[2,[[5,3,2,1],'-']],[2,[
[4,3,3,1],'0']],[2,[[3,3,3,2],'+']],[2,[[3,3,3,2],'-']]]));

MBT("2.Alt(11)",5,
"(no info text)",
[10,9,8,8,8,8,8,8,8,8,9,8,8],
[2,1..0],
[[32,35,36,37,38,39,40,41,43,48]],
[,[[3,4],[1..3]]],
[[[1,-1,-1,1,0,-1,0,1,0,0],[1,-1,-1,0,1,-1,1,0,0,0],[-1,1,1,0,-1,1,-1,0,1,0],[
0,0,0,-1,0,1,1,0,-1,0],[0,0,0,0,0,0,1,0,-1,0],[-1,1,1,0,0,0,-1,0,1,0],[0,0,0,0
,0,0,0,0,0,1],[0,-1,-1,1,1,-1,0,0,0,-1],[0,1,0,0,0,0,-1,0,1,0],[1,-1,0,0,0,0,1
,0,-1,0]]],
[["Alt(11)",0]],
0,
0,
rec(CharacterParameters:=[[1,[11]],[1,[10,1]],[1,[9,2]],[1,[9,1,1]],[1,[8,3]],
[1,[8,2,1]],[1,[8,1,1,1]],[1,[7,4]],[1,[7,3,1]],[1,[7,2,2]],[1,[7,2,1,1]],[1,[
7,1,1,1,1]],[1,[6,5]],[1,[6,4,1]],[1,[6,3,2]],[1,[[6,3,1,1],'+']],[1,[[6,3,1,1
],'-']],[1,[6,2,2,1]],[1,[[6,2,1,1,1],'+']],[1,[[6,2,1,1,1],'-']],[1,[5,5,1]],
[1,[5,4,2]],[1,[5,4,1,1]],[1,[5,3,2,1]],[1,[5,2,2,2]],[2,[[8,3],'0']],[2,[[7,4
],'0']],[2,[[7,3,1],'+']],[2,[[7,3,1],'-']],[2,[[6,4,1],'+']],[2,[[6,4,1],'-']
],[2,[[6,3,2],'+']],[2,[[6,3,2],'-']],[2,[[5,5,1],'+']],[2,[[5,5,1],'-']],[2,[
[5,4,2],'0']],[2,[[5,3,2,1],'+']],[2,[[5,3,2,1],'-']]]));

MBT("2.Alt(11)",7,
"(no info text)",
[23,16,21,22,17,17,16,20,17,17,18,19,17,17,16],
[1,1,0,0,0,0,0,0],
[],
[[[4,5],[2..4],[1..3]],[[5,6],[5,7],[3,5],[4,5],[2,4],[1,3]]],
[],
[["Alt(11)",0]],
0,
0,
rec(CharacterParameters:=[[1,[11]],[1,[10,1]],[1,[9,2]],[1,[9,1,1]],[1,[8,3]],
[1,[8,2,1]],[1,[8,1,1,1]],[1,[7,4]],[1,[7,3,1]],[1,[7,2,2]],[1,[7,2,1,1]],[1,[
7,1,1,1,1]],[1,[6,5]],[1,[6,4,1]],[1,[6,3,2]],[1,[6,3,1,1]],[1,[6,2,2,1]],[1,[
6,2,1,1,1]],[1,[[6,1,1,1,1,1],'+']],[1,[[6,1,1,1,1,1],'-']],[1,[5,5,1]],[1,[5,
4,2]],[1,[5,4,1,1]],[1,[5,3,3]],[1,[5,3,2,1]],[1,[5,3,1,1,1]],[1,[4,4,3]],[2,[
[9,2],'0']],[2,[[8,3],'0']],[2,[[8,2,1],'+']],[2,[[8,2,1],'-']],[2,[[7,4],'+']
],[2,[[7,4],'-']],[2,[[7,3,1],'0']],[2,[[6,5],'0']],[2,[[6,4,1],'+']],[2,[[6,4
,1],'-']],[2,[[6,3,2],'+']],[2,[[6,3,2],'-']],[2,[[5,4,2],'+']],[2,[[5,4,2],
'-']],[2,[[5,3,2,1],'0']]]));

