MBT("Alt(9)",2,
"(no info text)",
[1,2,1,2,1,1,1,1,1,2],
[6,3],
[[1,3,5,7,8,12,17],[2,4,11]],
[],
[[[1,0,0,0,0,0,0],[-1,1,0,0,0,0,0],[0,-1,0,1,0,0,0],[1,0,1,0,0,0,-1],[0,-1,0,0
,0,0,1],[-1,0,0,0,0,1,0],[-1,1,-1,-1,1,-1,0]],[[1,0,0],[0,1,0],[-1..1]]],
0,
0,
0,
rec(CharacterParameters:=[[1,[[9],'0']],[1,[[8,1],'0']],[1,[[7,2],'0']],[1,[[6
,3],'0']],[1,[[6,2,1],'0']],[1,[[5,4],'+']],[1,[[5,4],'-']],[1,[[5,3..1],'+']]
,[1,[[5,3..1],'-']],[1,[[4,3..2],'0']]]));

MBT("Alt(9)",3,
"(no info text)",
[1,1,2,1,1,1,3,2],
[4,1,0],
[[1,2,4,6,7]],
[,[[1,3],[2,3]]],
[[[1,0,0,0,0],[-1,1,0,0,0],[1,-1,0,1,0],[1,-1,1,0,0],[-2,1,-1,-1,1]]],
0,
0,
0,
rec(CharacterParameters:=[[1,[[9],'0']],[1,[[8,1],'0']],[1,[[7,2],'0']],[1,[[7
,1,1],'0']],[1,[[6,3],'0']],[1,[[6,2,1],'0']],[1,[[5,3..1],'0']],[1,[[5,2,1,1]
,'0']]]));

MBT("Alt(9)",5,
"(no info text)",
[1,2,3,2,3,4,1,2,2,5,1,7,6,1],
[1,1,1,0,0,0,0],
[],
[[[1,2],[3,4],[4,5],[2,5]],[[1,2],[3,4],[2,5],[4,5]],[[1,2],[2..4]]],
[],
0,
0,
0,
rec(CharacterParameters:=[[1,[[9],'0']],[1,[[8,1],'0']],[1,[[7,2],'0']],[1,[[7
,1,1],'0']],[1,[[6,3],'0']],[1,[[6,2,1],'0']],[1,[[6,1,1,1],'0']],[1,[[5,4],
'0']],[1,[[5,3..1],'0']],[1,[[5,2,2],'0']],[1,[[5,2,1,1],'0']],[1,[[5,1,1,1,1]
,'+']],[1,[[5,1,1,1,1],'-']],[1,[[4,4,1],'0']]]));

MBT("Alt(9)",7,
"(no info text)",
[1,1,1,3,1,4,9,2,1,1,10,12,11,5,6,7,8],
[1,0,0,0,0,0,0,0,0,0,0,0],
[],
[[[1,4],[2,3],[3,6],[4,5],[5,7],[6,7]]],
[],
0,
0,
0,
rec(CharacterParameters:=[[1,[[9],'0']],[1,[[8,1],'0']],[1,[[7,2],'0']],[1,[[7
,1,1],'0']],[1,[[6,3],'0']],[1,[[6,2,1],'0']],[1,[[6,1,1,1],'0']],[1,[[5,4],
'0']],[1,[[5,3..1],'0']],[1,[[5,2,2],'0']],[1,[[5,2,1,1],'0']],[1,[[5,1,1,1,1]
,'+']],[1,[[5,1,1,1,1],'-']],[1,[[4,4,1],'0']],[1,[[4,3..2],'0']],[1,[[3,3,3],
'+']],[1,[[3,3,3],'-']]]));

