MBT("Alt(16)",2,
"(no info text)",
[1,1,1,1,2,1,1,1,2,1,1,1,1,3,1,1,2,1,2,1,1,1,1,1,3,1,2,1,1,1,1,1,2,3,1,1,2],
[14,7,3],
[[1,2,3,4,5,6,7,8,12,14,16,18,19,20,21,25,28,40,42,44,45,57,64,94,111,119,122]
,[11,13,15,24,26,56,87],[39,41,48]],
[],
[[[1,0,0,0,0,0,0,0,0,0,0,0,0,0,0,0,0,0,0,0,0,0,0,0,0,0,0],[-1,1,0,0,0,0,0,0,0,
0,0,0,0,0,0,0,0,0,0,0,0,0,0,0,0,0,0],[1,-1,1,0,0,0,0,0,0,0,0,0,0,0,0,0,0,0,0,0
,0,0,0,0,0,0,0],[0,0,-1,1,0,0,0,0,0,0,0,0,0,0,0,0,0,0,0,0,0,0,0,0,0,0,0],[1,-1
,1,-1,1,0,0,0,0,0,0,0,0,0,0,0,0,0,0,0,0,0,0,0,0,0,0],[-3,1,-1,0,-1,0,0,0,1,0,0
,0,0,0,0,0,0,0,0,0,0,0,0,0,0,0,0],[0,0,0,0,-1,1,0,0,0,0,0,0,0,0,0,0,0,0,0,0,0,
0,0,0,0,0,0],[2,-2,1,0,1,-1,0,0,-1,0,0,1,0,0,0,0,0,0,0,0,0,0,0,0,0,0,0],[0,0,0
,-1,1,-1,1,0,0,0,0,0,0,0,0,0,0,0,0,0,0,0,0,0,0,0,0],[0,0,0,1,0,0,-1,0,-1,1,0,0
,0,0,0,0,0,0,0,0,0,0,0,0,0,0,0],[-4,2,-2,0,-1,1,0,0,1,-1,0,-1,1,0,0,0,0,0,0,0,
0,0,0,0,0,0,0],[-1,1,-1,1,-1,1,-1,2,1,0,0,0,0,0,1,-1,0,1,0,0,1,0,0,1,-1,-1,-1]
,[1,-1,0,0,1,-1,0,-1,-1,0,0,0,0,0,-1,1,0,-1,0,0,-1,0,0,-1,1,1,1],[0,0,0,1,0,1,
-1,0,-1,0,0,1,-1,1,0,0,0,0,0,0,0,0,0,0,0,0,0],[6,-6,3,-3,2,-3,0,-1,0,1,0,0,-1,
-1,0,0,0,1,0,0,0,0,0,0,0,0,0],[-2,1,-1,0,-1,1,0,1,1,-1,0,0,0,0,1,-1,0,1,0,0,1,
0,0,1,-1,-1,0],[0,-1,1,-1,1,-1,1,-2,0,0,1,0,0,0,-1,1,0,-1,0,0,-1,0,0,-1,1,1,0]
,[2,0,0,1,-1,0,-1,1,0,1,-1,0,0,-1,1,0,0,0,0,0,0,0,0,0,0,0,0],[4,-2,2,0,2,-1,0,
0,-2,1,0,1,-1,0,-1,1,0,0,0,0,0,0,0,0,0,0,0],[-1,1,0,1,-1,0,1,-1,-1,0,0,1,0,1,0
,-1,0,-1,0,1,0,0,0,0,0,0,0],[-1,1,0,0,1,0,1,-1,-1,-1,0,0,0,1,-1,0,0,-1,0,0,0,0
,0,0,0,1,1],[-1,1,1,0,1,0,1,-1,0,0,1,1,0,1,-1,0,0,0,1,0,0,0,0,0,0,-1,-1],[-3,1
,0,-1,0,1,1,-1,1,-1,0,-1,0,1,0,-1,1,0,0,0,0,0,0,0,0,0,0],[1,-1,0,-1,-1,-1,-1,1
,1,1,0,-1,0,-2,1,1,-1,1,-1,-1,1,0,-1,0,0,0,0],[2,-2,1,-1,0,0,0,0,0,0,0,0,0,0,0
,0,0,0,0,0,0,0,1,0,0,0,0],[-4,2,-2,1,0,0,0,-1,-1,0,0,0,0,1,-1,0,0,-1,0,0,-1,0,
0,0,1,1,0],[-5,3,-3,2,-1,2,0,0,-1,-1,0,1,0,2,0,-1,1,0,1,1,-1,1,0,0,-1,-1,0]],[
[1,0,0,0,0,0,0],[0,1,0,0,0,0,0],[-1,0,1,0,0,0,0],[-1,0,-1,1,0,0,0],[1,0,0,-1,1
,0,0],[0,-1,0,0,0,1,0],[-2,-1,0,0,-1,-1,1]],[[1,0,0],[0,1,0],[-1..1]]],
0,
[(20,21),(27,28)(31,32)(34,35)(36,37)],
0,
rec(CharacterParameters:=[[1,[[16],'0']],[1,[[15,1],'0']],[1,[[14,2],'0']],[1,
[[13,3],'0']],[1,[[13,2,1],'0']],[1,[[12,4],'0']],[1,[[12,3,1],'0']],[1,[[11,5
],'0']],[1,[[11,4,1],'0']],[1,[[11,3,2],'0']],[1,[[10,6],'0']],[1,[[10,5,1],
'0']],[1,[[10,4,2],'0']],[1,[[10,3,2,1],'0']],[1,[[9,7],'+']],[1,[[9,7],'-']],
[1,[[9,6,1],'0']],[1,[[9,5,2],'0']],[1,[[9,4,3],'0']],[1,[[9,4,2,1],'0']],[1,[
[8,7,1],'+']],[1,[[8,7,1],'-']],[1,[[8,6,2],'0']],[1,[[8,5,3],'0']],[1,[[8,5,2
,1],'0']],[1,[[8,4,3,1],'0']],[1,[[7,6,3],'0']],[1,[[7,6,2,1],'+']],[1,[[7,6,2
,1],'-']],[1,[[7,5,4],'0']],[1,[[7,5..1],'+']],[1,[[7,5..1],'-']],[1,[[7,4,3,2
],'0']],[1,[[6,5,4,1],'0']],[1,[[6,5,3,2],'+']],[1,[[6,5,3,2],'-']],[1,[[6,4,3
,2,1],'0']]]));

MBT("Alt(16)",3,
"(no info text)",
[1,2,1,2,1,1,2,2,2,1,1,2,2,3,1,1,1,2,1,1,1,3,2,2,2,1,2,2,1,2,2,2,3,1,1,2,2,3,1
,2,4,1,3,2,5,6],
[6,5,2,0,0,0],
[[1,3,4,6,7,11,14,23,25,32,34,35,38,39,41,43,53,56],[2,5,8,10,12,13,15,17,18,
19,20,21,24,40,51,52,58,61,74,84],[33,36,55,59,75]],
[],
[[[1,0,0,0,0,0,0,0,0,0,0,0,0,0,0,0,0,0],[-1,1,0,0,0,0,0,0,0,0,0,0,0,0,0,0,0,0]
,[1,-1,1,0,0,0,0,0,0,0,0,0,0,0,0,0,0,0],[-1,0,-1,0,0,1,0,0,0,0,0,0,0,0,0,0,0,0
],[-1,1,0,0,0,-1,0,0,0,1,0,0,0,0,0,0,0,0],[0,0,-1,1,0,0,0,0,0,0,0,0,0,0,0,0,0,
0],[1,-2,0,-1,0,1,0,0,0,-1,0,0,1,0,0,0,0,0],[0,-1,1,-1,1,0,0,0,0,0,0,0,0,0,0,0
,0,0],[0,1,0,0,-1,-1,1,0,0,0,0,0,0,0,0,0,0,0],[0,-1,0,0,1,1,-1,0,0,-1,1,0,0,0,
0,0,0,0],[1,0,1,0,1,-1,-1,1,0,0,0,0,0,0,0,0,0,0],[-2,2,-1,1,-2,-1,1,-1,0,1,-1,
0,-1,1,0,0,0,0],[-1,1,0,1,-1,-1,0,0,0,1,-1,1,0,0,0,0,0,0],[1,-2,0,-1,1,2,0,0,0
,-2,1,-1,1,-1,0,1,0,0],[-1,0,0,0,-1,1,0,-1,1,0,0,0,0,0,0,0,0,0],[-1,-1,0,-2,1,
1,0,1,-1,-1,1,-1,1,-1,1,0,0,0],[0,1,1,1,1,-2,-1,2,0,2,0,1,-1,0,0,-2,-1,1],[0,0
,0,0,0,0,0,-1,0,0,0,1,0,0,-1,0,1,0]],[[1,0,0,0,0,0,0,0,0,0,0,0,0,0,0,0,0,0,0,0
],[0,0,0,1,0,0,0,0,0,0,0,0,0,0,0,0,0,0,0,0],[0,1,0,0,0,0,0,0,0,0,0,0,0,0,0,0,0
,0,0,0],[0,0,0,-1,1,0,0,0,0,0,0,0,0,0,0,0,0,0,0,0],[-1,-1,0,0,0,0,0,1,0,0,0,0,
0,0,0,0,0,0,0,0],[0,0,0,0,-1,1,0,0,0,0,0,0,0,0,0,0,0,0,0,0],[0,0,0,-1,0,-1,0,0
,1,0,0,0,0,0,0,0,0,0,0,0],[0,0,0,0,0,0,0,-1,0,1,0,0,0,0,0,0,0,0,0,0],[-1,0,1,0
,0,0,0,0,0,0,0,0,0,0,0,0,0,0,0,0],[0,0,0,-1,1,-1,1,0,0,0,0,0,0,0,0,0,0,0,0,0],
[-1,0,-1,0,0,0,0,1,0,-1,1,0,0,0,0,0,0,0,0,0],[1,1,1,0,0,0,0,-1,0,0,-1,0,1,0,0,
0,0,0,0,0],[1,0,-1,0,0,0,0,-1,0,0,0,0,-1,1,0,0,0,0,0,0],[0,0,0,1,-1,1,-1,0,-1,
0,0,0,0,0,1,0,0,0,0,0],[-1,-1,-1,0,0,1,0,0,0,0,1,0,-1,0,0,-1,1,0,0,0],[-1,0,0,
0,0,0,-1,0,0,0,0,1,0,0,0,0,0,0,0,0],[-1,-1,-1,0,1,-1,1,1,0,0,1,-1,-1,0,-1,1,0,
0,0,0],[0,0,1,0,0,-1,0,0,0,1,-1,0,1,-1,0,1,-1,0,1,0],[0,0,0,0,0,1,0,0,-1,1,0,0
,0,-1,0,0,0,1,0,0],[-1,0,-1,-1,0,0,0,0,0,-1,0,0,-1,1,0,0,0,0,-1,1]],[[1,0,0,0,
0],[1,0,-1,1,0],[0,1,0,0,0],[-1,-1,1,0,0],[0,0,0,0,1]]],
0,
0,
0,
rec(CharacterParameters:=[[1,[[16],'0']],[1,[[15,1],'0']],[1,[[14,2],'0']],[1,
[[14,1,1],'0']],[1,[[13,3],'0']],[1,[[13,2,1],'0']],[1,[[12,4],'0']],[1,[[12,3
,1],'0']],[1,[[12,2,2],'0']],[1,[[12,2,1,1],'0']],[1,[[11,5],'0']],[1,[[11,4,1
],'0']],[1,[[11,3,2],'0']],[1,[[11,3,1,1],'0']],[1,[[11,2,2,1],'0']],[1,[[10,6
],'0']],[1,[[10,5,1],'0']],[1,[[10,4,2],'0']],[1,[[10,4,1,1],'0']],[1,[[10,3,3
],'0']],[1,[[10,3,2,1],'0']],[1,[[10,2,2,1,1],'0']],[1,[[9,7],'0']],[1,[[9,6,1
],'0']],[1,[[9,5,2],'0']],[1,[[9,5,1,1],'0']],[1,[[9,4,3],'0']],[1,[[9,4,2,1],
'0']],[1,[[9,3,3,1],'0']],[1,[[9,3,2,2],'0']],[1,[[9,3,2,1,1],'0']],[1,[[8,6,2
],'0']],[1,[[8,6,1,1],'0']],[1,[[8,5,3],'0']],[1,[[8,5,2,1],'0']],[1,[[8,4,2,2
],'0']],[1,[[8,4,2,1,1],'0']],[1,[[8,3,3,2],'0']],[1,[[8,3,3,1,1],'0']],[1,[[8
,3,2,2,1],'0']],[1,[[7,5..1],'0']],[1,[[7,5,2,2],'0']],[1,[[7,5,2,1,1],'0']],[
1,[[7,4,2,2,1],'0']],[1,[[6,4,2,2,1,1],'+']],[1,[[6,4,2,2,1,1],'-']]]));

MBT("Alt(16)",5,
"(no info text)",
[1,2,1,4,3,1,4,3,5,3,1,2,1,1,3,1,7,1,2,4,2,4,3,2,2,9,2,1,1,4,4,6,1,4,9,1,4,2,7
,4,1,3,1,2,4,1,4,9,3,8,4,11,14,1,3,2,3,5,3,1,3,2,2,5,1,4,2,7,3,1,3,2,3,5,15,17
,18,7,9,10,1,4,16,12,13],
[3,2,2,2,1,0,1,0,1,0,0,0,0,0,0,0,0,0],
[[1,3,6,8,11,13,16,24,25,32,33,37,43,45,55,56,67,79,98,103],[2,7,19,21,39,42,
63,66,68,72,73,75,76,83],[4,5,9,17,18,22,23,26,27,47,60,77,78,104],[10,14,15,
20,31,34,36,40,41,51,52,53,82,85]],
[,,,,[[1,2],[4,5],[2,3],[3,4]],,[[1,2],[4,5],[3,5],[2,3]],,7],
[[[1,0,0,0,0,0,0,0,0,0,0,0,0,0,0,0,0,0,0,0],[-1,1,0,0,0,0,0,0,0,0,0,0,0,0,0,0,
0,0,0,0],[1,-1,0,0,1,0,0,0,0,0,0,0,0,0,0,0,0,0,0,0],[-1,1,0,0,-1,0,0,0,0,1,0,0
,0,0,0,0,0,0,0,0],[1,-1,1,0,0,0,0,0,0,0,0,0,0,0,0,0,0,0,0,0],[-2,1,-1,0,-1,1,0
,0,0,0,0,0,0,0,0,0,0,0,0,0],[2,-1,1,0,1,-1,0,0,0,-1,1,0,0,0,0,0,0,0,0,0],[-1,0
,-1,0,0,1,0,0,0,0,-1,0,0,0,0,0,1,0,0,0],[-1,1,0,0,-1,0,0,0,0,1,0,0,0,0,0,0,-1,
0,1,0],[-1,1,-1,1,0,0,0,0,0,0,0,0,0,0,0,0,0,0,0,0],[2,-2,1,-1,1,-1,0,1,0,0,0,0
,0,0,0,0,0,0,0,0],[-2,2,-1,1,-1,1,0,-1,0,1,-1,0,1,0,0,0,0,0,0,0],[1,-2,0,-1,1,
0,0,1,0,-1,0,0,-1,0,0,0,1,0,-1,1],[2,-1,1,-1,1,-1,1,0,0,0,0,0,0,0,0,0,0,0,0,0]
,[-2,2,-1,1,-2,1,-1,-1,1,0,0,0,0,0,0,0,0,0,0,0],[2,-2,1,-1,2,-1,1,1,-1,-1,1,0,
-1,0,1,0,0,0,0,0],[-3,1,-1,1,-1,1,-1,0,0,1,-1,1,0,0,0,0,0,0,0,0],[4,-4,2,-2,2,
-1,1,1,-1,-2,1,-1,-1,1,0,0,0,0,0,0],[-2,2,-1,1,-2,1,-1,-1,1,2,-1,1,1,-1,-1,1,0
,0,0,0],[0,1,0,0,-1,0,-1,0,1,0,1,0,0,-1,0,0,-1,1,0,0]],[[1,0,0,0,0,0,0,0,0,0,0
,0,0,0],[0,0,0,0,0,0,0,1,0,0,0,0,0,0],[0,1,0,0,0,0,0,0,0,0,0,0,0,0],[-1,-1,1,0
,0,0,0,0,0,0,0,0,0,0],[1,1,-1,0,1,0,0,0,0,0,0,0,0,0],[0,0,0,0,0,0,0,-1,1,0,0,0
,0,0],[-1,-1,1,0,-1,0,0,0,0,1,0,0,0,0],[0,0,0,0,0,0,0,1,-1,0,1,0,0,0],[1,0,-1,
1,0,0,0,0,0,0,0,0,0,0],[0,0,0,0,0,0,0,-1,1,0,-1,0,0,1],[-2,0,1,-1,-1,1,0,0,0,0
,0,0,0,0],[1,0,-1,1,1,-1,1,0,0,0,0,0,0,0],[-1,0,1,-1,-1,1,-1,-1,0,0,-1,1,0,0],
[2,0,-1,1,1,-1,0,0,0,-1,0,0,1,0]],[[1,0,0,0,0,0,0,0,0,0,0,0,0,0],[-1,1,0,0,0,0
,0,0,0,0,0,0,0,0],[0,0,0,1,0,0,0,0,0,0,0,0,0,0],[0,0,0,-1,1,0,0,0,0,0,0,0,0,0]
,[0,0,0,1,-1,0,1,0,0,0,0,0,0,0],[1,-1,1,0,0,0,0,0,0,0,0,0,0,0],[-1,0,-1,0,0,0,
0,0,1,0,0,0,0,0],[1,0,1,0,0,0,0,0,-1,0,0,1,0,0],[-1,0,-1,0,0,0,0,0,1,0,0,-1,0,
1],[0,0,0,1,-1,1,0,0,0,0,0,0,0,0],[0,0,0,-2,1,-1,-1,1,0,0,0,0,0,0],[0,0,1,0,0,
0,0,0,-1,1,0,0,0,0],[-1,1,-2,0,0,0,0,0,1,-1,0,-1,1,0],[0,0,0,1,0,1,0,-1,0,0,1,
0,0,0]],[[1,0,0,0,0,0,0,0,0,0,0,0,0,0],[0,0,0,0,1,0,0,0,0,0,0,0,0,0],[-1,1,0,0
,0,0,0,0,0,0,0,0,0,0],[0,0,0,0,-1,1,0,0,0,0,0,0,0,0],[1,-1,1,0,0,0,0,0,0,0,0,0
,0,0],[-1,0,-1,1,0,0,0,0,0,0,0,0,0,0],[0,0,0,0,1,-1,0,1,0,0,0,0,0,0],[1,0,1,-1
,0,0,0,0,0,1,0,0,0,0],[-1,0,-1,1,0,0,0,0,0,-1,0,0,1,0],[0,0,0,0,1,-1,1,0,0,0,0
,0,0,0],[0,0,0,0,-2,1,-1,-1,1,0,0,0,0,0],[0,0,0,0,1,0,1,0,-1,0,1,0,0,0],[-2,1,
-1,0,0,0,0,0,0,-1,0,1,0,0],[2,-1,1,0,0,0,0,0,0,1,0,-1,-1,1]]],
0,
0,
0,
rec(CharacterParameters:=[[1,[[16],'0']],[1,[[15,1],'0']],[1,[[14,2],'0']],[1,
[[14,1,1],'0']],[1,[[13,3],'0']],[1,[[13,2,1],'0']],[1,[[13,1,1,1],'0']],[1,[[
12,4],'0']],[1,[[12,3,1],'0']],[1,[[12,2,2],'0']],[1,[[12,2,1,1],'0']],[1,[[12
,1,1,1,1],'0']],[1,[[11,5],'0']],[1,[[11,4,1],'0']],[1,[[11,3,2],'0']],[1,[[11
,3,1,1],'0']],[1,[[11,2,2,1],'0']],[1,[[11,2,1,1,1],'0']],[1,[[10,6],'0']],[1,
[[10,5,1],'0']],[1,[[10,4,2],'0']],[1,[[10,4,1,1],'0']],[1,[[10,3,3],'0']],[1,
[[10,3,2,1],'0']],[1,[[10,3,1,1,1],'0']],[1,[[10,2,2,2],'0']],[1,[[10,2,2,1,1]
,'0']],[1,[[10,2,1,1,1,1],'0']],[1,[[9,7],'0']],[1,[[9,6,1],'0']],[1,[[9,5,2],
'0']],[1,[[9,5,1,1],'0']],[1,[[9,4,3],'0']],[1,[[9,4,2,1],'0']],[1,[[9,4,1,1,1
],'0']],[1,[[9,3,3,1],'0']],[1,[[9,3,2,2],'0']],[1,[[9,3,2,1,1],'0']],[1,[[9,3
,1,1,1,1],'0']],[1,[[9,2,2,2,1],'0']],[1,[[9,2,2,1,1,1],'0']],[1,[[8,8],'0']],
[1,[[8,7,1],'0']],[1,[[8,6,2],'0']],[1,[[8,6,1,1],'0']],[1,[[8,5,3],'0']],[1,[
[8,5,2,1],'0']],[1,[[8,5,1,1,1],'0']],[1,[[8,4,4],'0']],[1,[[8,4,3,1],'0']],[1
,[[8,4,2,2],'0']],[1,[[8,4,2,1,1],'0']],[1,[[8,4,1,1,1,1],'0']],[1,[[8,3,3,2],
'0']],[1,[[8,3,3,1,1],'0']],[1,[[8,3,2,2,1],'0']],[1,[[8,3,2,1,1,1],'0']],[1,[
[8,2,2,1,1,1,1],'0']],[1,[[7,7,2],'0']],[1,[[7,7,1,1],'0']],[1,[[7,6,3],'0']],
[1,[[7,6,2,1],'0']],[1,[[7,6,1,1,1],'0']],[1,[[7,5,4],'0']],[1,[[7,5..1],'0']]
,[1,[[7,5,2,2],'0']],[1,[[7,5,2,1,1],'0']],[1,[[7,5,1,1,1,1],'0']],[1,[[7,4,4,
1],'0']],[1,[[7,4,3,2],'0']],[1,[[7,4,3,1,1],'0']],[1,[[7,4,2,2,1],'0']],[1,[[
7,4,2,1,1,1],'0']],[1,[[7,3,3,2,1],'0']],[1,[[7,3,3,1,1,1],'0']],[1,[[7,3,2,1,
1,1,1],'+']],[1,[[7,3,2,1,1,1,1],'-']],[1,[[6,6,3,1],'0']],[1,[[6,6,2,2],'0']]
,[1,[[6,5,3,2],'0']],[1,[[6,5,3,1,1],'0']],[1,[[6,5,2,2,1],'0']],[1,[[6,4,3,1,
1,1],'0']],[1,[[5,5,2,2,2],'+']],[1,[[5,5,2,2,2],'-']]]));

MBT("Alt(16)",7,
"(no info text)",
[1,1,1,4,1,5,11,2,1,1,12,21,3,6,7,1,1,12,11,2,6,8,13,9,7,1,6,1,5,4,1,1,7,1,9,7
,1,15,17,22,1,2,1,1,1,5,1,12,10,1,12,9,16,6,1,5,18,24,2,1,27,32,38,39,4,11,1,
14,21,7,1,4,23,11,7,6,1,4,31,4,20,2,28,36,37,35,1,12,11,21,30,6,1,5,12,26,11,
19,5,33,34,2,29,25],
[2,1,0,1,1,1,1,0,1,0,1,1,0,0,0,0,0,0,0,0,1,0,0,0,0,0,0,0,0,0,0,0,0,0,0,0,0,0,0
],
[[1,2,3,4,8,9,12,15,17,21,26,29,33,35,38,41,45,48,68,69,72,74,78,99,103,104,
115]],
[,[[1,2],[2,3],[4,5],[5,6],[6,7],[3,7]],,[[1,2],[6,7],[2,3],[3,4],[4,5],[5,7]]
,[[1,2],[5,6],[2,3],[6,7],[3,4],[4,7]],2,[[1,2],[4,5],[2,3],[5,6],[3,7],[6,7]]
,,[[1,2],[2,3],[3..5]],,5,7,,,,,,,,,9],
[[[1,0,0,0,0,0,0,0,0,0,0,0,0,0,0,0,0,0,0,0,0,0,0,0,0,0,0],[0,1,0,0,0,0,0,0,0,0
,0,0,0,0,0,0,0,0,0,0,0,0,0,0,0,0,0],[0,-1,1,0,0,0,0,0,0,0,0,0,0,0,0,0,0,0,0,0,
0,0,0,0,0,0,0],[-1,0,0,1,0,0,0,0,0,0,0,0,0,0,0,0,0,0,0,0,0,0,0,0,0,0,0],[1,0,0
,-1,0,0,1,0,0,0,0,0,0,0,0,0,0,0,0,0,0,0,0,0,0,0,0],[0,1,-1,0,0,0,0,0,1,0,0,0,0
,0,0,0,0,0,0,0,0,0,0,0,0,0,0],[-1,0,0,1,0,0,-1,0,0,0,0,0,1,0,0,0,0,0,0,0,0,0,0
,0,0,0,0],[0,-1,1,0,0,0,0,0,-1,0,0,0,0,0,1,0,0,0,0,0,0,0,0,0,0,0,0],[1,0,0,-1,
0,0,1,0,0,0,0,0,-1,0,0,0,0,0,1,0,0,0,0,0,0,0,0],[0,1,-1,0,0,0,0,0,1,0,0,0,0,0,
-1,0,0,0,0,0,1,0,0,0,0,0,0],[1,0,0,-1,1,0,0,0,0,0,0,0,0,0,0,0,0,0,0,0,0,0,0,0,
0,0,0],[-2,0,0,1,-1,0,-1,1,0,0,0,0,0,0,0,0,0,0,0,0,0,0,0,0,0,0,0],[2,0,0,-1,1,
0,1,-1,0,0,0,0,-1,1,0,0,0,0,0,0,0,0,0,0,0,0,0],[-2,0,0,1,-1,0,-1,1,0,0,0,0,1,
-1,0,0,0,0,-1,1,0,0,0,0,0,0,0],[1,0,0,0,1,0,0,-1,0,0,0,0,0,1,0,0,0,0,0,-1,0,0,
0,1,0,0,0],[0,-1,1,0,0,0,0,0,-1,0,0,0,0,0,1,0,0,0,0,0,-1,0,0,0,1,0,0],[-1,0,0,
0,-1,0,0,1,0,0,0,0,0,-1,0,0,0,0,0,1,0,0,0,-1,0,0,1],[0,1,-1,0,0,1,0,0,0,0,0,0,
0,0,0,0,0,0,0,0,0,0,0,0,0,0,0],[0,-2,1,0,0,-1,0,0,-1,1,0,0,0,0,0,0,0,0,0,0,0,0
,0,0,0,0,0],[0,2,-1,0,0,1,0,0,1,-1,0,0,0,0,-1,1,0,0,0,0,0,0,0,0,0,0,0],[0,-2,1
,0,0,-1,0,0,-1,1,0,0,0,0,1,-1,0,0,0,0,-1,1,0,0,0,0,0],[0,2,-1,0,0,1,0,0,1,-1,0
,0,0,0,-1,1,0,0,0,0,1,-1,0,0,-1,1,0],[0,1,-1,0,0,1,0,0,1,-1,1,0,0,0,0,0,0,0,0,
0,0,0,0,0,0,0,0],[0,-2,2,0,0,-2,0,0,-1,1,-1,0,0,0,1,-1,1,0,0,0,0,0,0,0,0,0,0],
[0,2,-2,0,0,2,0,0,1,-1,1,0,0,0,-1,1,-1,0,0,0,1,-1,1,0,0,0,0],[1,0,0,-1,1,0,1,
-1,0,0,0,1,0,0,0,0,0,0,0,0,0,0,0,0,0,0,0],[-2,0,0,2,-2,0,-1,1,0,0,0,-1,1,-1,0,
0,0,1,0,0,0,0,0,0,0,0,0]]],
0,
0,
0,
rec(CharacterParameters:=[[1,[[16],'0']],[1,[[15,1],'0']],[1,[[14,2],'0']],[1,
[[14,1,1],'0']],[1,[[13,3],'0']],[1,[[13,2,1],'0']],[1,[[13,1,1,1],'0']],[1,[[
12,4],'0']],[1,[[12,3,1],'0']],[1,[[12,2,2],'0']],[1,[[12,2,1,1],'0']],[1,[[12
,1,1,1,1],'0']],[1,[[11,5],'0']],[1,[[11,4,1],'0']],[1,[[11,3,2],'0']],[1,[[11
,3,1,1],'0']],[1,[[11,2,2,1],'0']],[1,[[11,2,1,1,1],'0']],[1,[[11,1,1,1,1,1],
'0']],[1,[[10,6],'0']],[1,[[10,5,1],'0']],[1,[[10,4,2],'0']],[1,[[10,4,1,1],
'0']],[1,[[10,3,3],'0']],[1,[[10,3,2,1],'0']],[1,[[10,3,1,1,1],'0']],[1,[[10,2
,2,2],'0']],[1,[[10,2,2,1,1],'0']],[1,[[10,2,1,1,1,1],'0']],[1,[[10,1,1,1,1,1,
1],'0']],[1,[[9,7],'0']],[1,[[9,6,1],'0']],[1,[[9,5,2],'0']],[1,[[9,5,1,1],'0'
]],[1,[[9,4,3],'0']],[1,[[9,4,2,1],'0']],[1,[[9,4,1,1,1],'0']],[1,[[9,3,3,1],
'0']],[1,[[9,3,2,2],'0']],[1,[[9,3,2,1,1],'0']],[1,[[9,3,1,1,1,1],'0']],[1,[[9
,2,2,2,1],'0']],[1,[[9,2,2,1,1,1],'0']],[1,[[9,2,1,1,1,1,1],'0']],[1,[[8,8],
'0']],[1,[[8,7,1],'0']],[1,[[8,6,2],'0']],[1,[[8,6,1,1],'0']],[1,[[8,5,3],'0']
],[1,[[8,5,2,1],'0']],[1,[[8,5,1,1,1],'0']],[1,[[8,4,4],'0']],[1,[[8,4,3,1],
'0']],[1,[[8,4,2,2],'0']],[1,[[8,4,2,1,1],'0']],[1,[[8,4,1,1,1,1],'0']],[1,[[8
,3,3,2],'0']],[1,[[8,3,3,1,1],'0']],[1,[[8,3,2,2,1],'0']],[1,[[8,3,2,1,1,1],
'0']],[1,[[8,2,2,2,2],'0']],[1,[[8,2,2,2,1,1],'0']],[1,[[8,2,1,1,1,1,1,1],'+']
],[1,[[8,2,1,1,1,1,1,1],'-']],[1,[[7,7,2],'0']],[1,[[7,7,1,1],'0']],[1,[[7,6,3
],'0']],[1,[[7,6,2,1],'0']],[1,[[7,6,1,1,1],'0']],[1,[[7,5,4],'0']],[1,[[7,5..
1],'0']],[1,[[7,5,2,2],'0']],[1,[[7,5,2,1,1],'0']],[1,[[7,5,1,1,1,1],'0']],[1,
[[7,4,4,1],'0']],[1,[[7,4,3,2],'0']],[1,[[7,4,3,1,1],'0']],[1,[[7,4,2,2,1],'0'
]],[1,[[7,4,2,1,1,1],'0']],[1,[[7,4,1,1,1,1,1],'0']],[1,[[7,3,3,3],'0']],[1,[[
7,3,3,2,1],'0']],[1,[[7,3,2,2,2],'0']],[1,[[7,3,2,1,1,1,1],'+']],[1,[[7,3,2,1,
1,1,1],'-']],[1,[[7,2,2,2,2,1],'0']],[1,[[6,6,4],'0']],[1,[[6,6,3,1],'0']],[1,
[[6,6,2,2],'0']],[1,[[6,6,2,1,1],'0']],[1,[[6,6,1,1,1,1],'0']],[1,[[6,5,5],'0'
]],[1,[[6,5,4,1],'0']],[1,[[6,5,3,2],'0']],[1,[[6,5,3,1,1],'0']],[1,[[6,5,2,2,
1],'0']],[1,[[6,5,2,1,1,1],'0']],[1,[[6,4,4,2],'0']],[1,[[6,4,3,2,1],'0']],[1,
[[6,4,2,2,1,1],'+']],[1,[[6,4,2,2,1,1],'-']],[1,[[6,3,3,3,1],'0']],[1,[[6,3,3,
2,2],'0']],[1,[[5,5,4,1,1],'0']]]));

