MBT("Alt(10)",5,
"(no info text)",
[1,1,2,1,3,2,1,2,2,4,6,1,1,1,1,5,1,1,8,7],
[2,1,0,0,0,0,0,0],
[[1,2,6,7,10,15,17,20,22,23]],
[,[[1,2],[3,4],[2,5],[4,5]]],
[[[1,0,0,0,0,0,0,0,0,0],[-1,1,0,0,0,0,0,0,0,0],[1,-1,0,1,0,0,0,0,0,0],[-1,1,0,
-1,0,1,0,0,0,0],[0,-1,0,0,1,-1,0,-1,0,1],[1,0,0,1,-1,0,0,1,1,-1],[1,-1,1,0,0,0
,0,0,0,0],[-2,1,-1,-1,1,0,0,0,0,0],[1,-1,1,0,0,-1,1,-1,0,0],[1,0,0,1,-1,0,0,1,
0,0]]],
0,
0,
0,
rec(CharacterParameters:=[[1,[[10],'0']],[1,[[9,1],'0']],[1,[[8,2],'0']],[1,[[
8,1,1],'0']],[1,[[7,3],'0']],[1,[[7,2,1],'0']],[1,[[7,1,1,1],'0']],[1,[[6,4],
'0']],[1,[[6,3,1],'0']],[1,[[6,2,2],'0']],[1,[[6,2,1,1],'0']],[1,[[6,1,1,1,1],
'+']],[1,[[6,1,1,1,1],'-']],[1,[[5,5],'0']],[1,[[5,4,1],'0']],[1,[[5,3,2],'0']
],[1,[[5,3,1,1],'+']],[1,[[5,3,1,1],'-']],[1,[[5,2,2,1],'0']],[1,[[4,4,1,1],
'0']]]));

MBT("Alt(10)",2,
"(no info text)",
[1,1,1,1,2,1,1,2,2,1,4,3],
[7,2,0,0],
[[1,2,3,4,5,9,12],[8,10,23]],
[],
[[[1,0,0,0,0,0,0],[-1,1,0,0,0,0,0],[0,-1,1,0,0,0,0],[-1,1,-1,1,0,0,0],[1,0,0,
-1,1,0,0],[-1,1,-1,0,-1,1,0],[-1,-1,0,1,0,-1,1]],[[1,0,0],[0,1,-1],[-1..1]]],
0,
0,
0,
rec(CharacterParameters:=[[1,[[10],'0']],[1,[[9,1],'0']],[1,[[8,2],'0']],[1,[[
7,3],'0']],[1,[[7,2,1],'0']],[1,[[6,4],'0']],[1,[[6,3,1],'0']],[1,[[5,4,1],'+'
]],[1,[[5,4,1],'-']],[1,[[5,3,2],'0']],[1,[[4,3..1],'+']],[1,[[4,3..1],'-']]])
);

MBT("Alt(10)",3,
"(no info text)",
[1,2,1,2,1,1,2,2,2,1,3],
[4,2..0],
[[1,3,4,8,16],[2,5,7,9,11]],
[],
[[[1,0,0,0,0],[-1,1,0,0,0],[1,-1,1,0,0],[-1,0,-1,1,0],[-1,1,0,-1,1]],[[1,0,0,0
,0],[0,0,1,0,0],[0,1,0,0,0],[0,0,-1,1,0],[-1,-1,0,0,1]]],
0,
0,
0,
rec(CharacterParameters:=[[1,[[10],'0']],[1,[[9,1],'0']],[1,[[8,2],'0']],[1,[[
8,1,1],'0']],[1,[[7,3],'0']],[1,[[7,2,1],'0']],[1,[[6,4],'0']],[1,[[6,3,1],'0'
]],[1,[[6,2,2],'0']],[1,[[6,2,1,1],'0']],[1,[[5,3,1,1],'0']]]));

MBT("Alt(10)",7,
"(no info text)",
[1,2,3,1,2,1,8,1,5,1,9,12,4,1,2,10,11,14,13,6,7],
[1,1,0,0,0,0,0,0,0,0,0,0,0,0],
[],
[[[1,2],[3,4],[4,6],[2,5],[6,7],[5,7]],[[1,2],[2,3],[3..5]]],
[],
0,
0,
0,
rec(CharacterParameters:=[[1,[[10],'0']],[1,[[9,1],'0']],[1,[[8,2],'0']],[1,[[
8,1,1],'0']],[1,[[7,3],'0']],[1,[[7,2,1],'0']],[1,[[7,1,1,1],'0']],[1,[[6,4],
'0']],[1,[[6,3,1],'0']],[1,[[6,2,2],'0']],[1,[[6,2,1,1],'0']],[1,[[6,1,1,1,1],
'0']],[1,[[5,5],'0']],[1,[[5,4,1],'0']],[1,[[5,3,2],'0']],[1,[[5,3,1,1],'0']],
[1,[[5,2,2,1],'0']],[1,[[5,2,1,1,1],'+']],[1,[[5,2,1,1,1],'-']],[1,[[4,4,2],
'0']],[1,[[4,3,3],'0']]]));

