MBT("Alt(17)",2,
"(no info text)",
[1,2,1,2,1,1,1,2,1,2,1,1,1,2,2,1,2,1,2,1,1,1,1,1,1,2,1,2,1,2,2,2,1,1,1,1,2,1,1
,3,2,1,1],
[14,10,0],
[[1,3,5,7,9,11,12,13,14,15,16,20,22,25,26,27,31,48,50,61,62,99,105,113,136,149
,155],[2,4,6,8,19,21,23,30,42,43,44,45,49,52,65]],
[],
[[[1,0,0,0,0,0,0,0,0,0,0,0,0,0,0,0,0,0,0,0,0,0,0,0,0,0,0],[-1,1,0,0,0,0,0,0,0,
0,0,0,0,0,0,0,0,0,0,0,0,0,0,0,0,0,0],[0,-1,0,0,0,1,0,0,0,0,0,0,0,0,0,0,0,0,0,0
,0,0,0,0,0,0,0],[1,-1,1,0,0,0,0,0,0,0,0,0,0,0,0,0,0,0,0,0,0,0,0,0,0,0,0],[-2,1
,-1,0,0,-1,1,0,0,0,0,0,0,0,0,0,0,0,0,0,0,0,0,0,0,0,0],[0,-1,0,0,0,1,-1,1,0,0,0
,0,0,0,0,0,0,0,0,0,0,0,0,0,0,0,0],[0,0,-1,1,0,0,0,0,0,0,0,0,0,0,0,0,0,0,0,0,0,
0,0,0,0,0,0],[0,0,1,-1,0,0,0,-1,1,0,0,0,0,0,0,0,0,0,0,0,0,0,0,0,0,0,0],[1,-2,1
,0,0,1,-1,0,-1,0,0,1,0,0,0,0,0,0,0,0,0,0,0,0,0,0,0],[0,0,0,0,0,0,-1,1,-1,1,0,0
,0,0,0,0,0,0,0,0,0,0,0,0,0,0,0],[-2,2,-1,0,0,-2,1,0,1,-1,0,-1,0,1,0,0,0,0,0,0,
0,0,0,0,0,0,0],[1,0,1,0,1,0,0,0,0,0,0,0,0,0,0,0,0,0,0,0,0,0,0,0,0,0,-1],[0,-1,
0,-1,0,0,0,0,0,0,0,0,0,0,0,0,0,0,0,0,0,0,0,0,0,0,1],[-1,1,-1,1,0,-1,1,0,0,-1,0
,0,1,0,-1,0,0,1,0,0,1,0,0,1,-1,-1,0],[-1,0,0,0,-1,0,0,0,0,0,1,0,-1,0,1,0,0,-1,
0,0,-1,0,0,-1,1,1,0],[0,-1,0,1,1,1,-1,1,-1,0,-1,0,1,0,0,0,0,0,0,0,0,0,0,0,0,0,
0],[2,-2,2,0,0,2,-2,0,-1,1,0,1,-1,-1,1,0,0,0,0,0,0,0,0,0,0,0,0],[-4,1,-3,-1,-2
,-1,1,0,1,0,0,-1,0,0,-1,0,0,1,0,0,0,0,0,0,0,0,0],[2,-1,0,-1,1,1,0,0,0,1,-1,0,0
,0,-1,1,0,0,0,0,0,0,0,0,0,0,0],[-1,2,-1,0,-1,-1,1,-1,0,0,0,0,0,1,0,0,0,-1,0,1,
0,0,0,0,0,0,0],[-3,2,-1,1,-1,-1,1,0,1,-1,0,-1,1,0,0,-1,1,0,0,0,0,0,0,0,0,0,0],
[1,1,0,0,0,0,0,0,0,0,0,0,0,0,0,0,0,0,0,0,1,0,0,1,-1,0,0],[1,0,1,0,0,1,-1,0,-1,
1,0,1,-1,0,1,0,-1,-1,1,0,-1,0,0,-1,1,0,0],[-1,0,-2,-2,0,-1,1,0,2,0,0,-2,0,1,-1
,1,1,0,-1,-1,1,-1,1,0,1,1,0],[-1,-1,-1,0,1,0,0,0,0,0,-1,0,1,0,-1,0,-1,1,0,0,0,
1,-1,0,-1,-1,0],[-2,2,1,0,0,-2,0,-1,0,0,0,0,0,0,1,-1,0,-1,0,0,-1,0,0,0,1,1,0],
[-2,2,1,1,1,-2,0,-1,-1,0,-1,1,1,0,0,-1,-1,0,1,1,-1,1,0,0,-1,-1,0]],[[1,0,0,0,0
,0,0,0,0,0,0,0,0,0,0],[0,1,0,0,0,0,0,0,0,0,0,0,0,0,0],[0,0,1,0,0,0,0,0,0,0,0,0
,0,0,0],[-1,0,-1,0,1,0,0,0,0,0,0,0,0,0,0],[0,0,-1,0,-1,0,0,0,1,0,0,0,0,0,0],[0
,-1,0,1,0,0,0,0,0,0,0,0,0,0,0],[0,0,0,0,-1,1,0,0,0,0,0,0,0,0,0],[-2,-1,0,-1,1,
-1,0,0,-1,1,0,0,0,0,0],[0,0,0,-1,-1,0,0,0,1,-1,1,0,0,0,0],[-1,0,0,0,1,-1,1,0,0
,0,0,0,0,0,0],[2,1,0,0,0,1,-1,0,0,0,-1,1,0,0,0],[1,0,1,0,-1,0,-1,1,0,0,0,0,0,0
,0],[0,0,-2,1,-1,1,1,-1,1,-1,0,-1,1,0,0],[-2,0,1,-1,1,-1,0,0,-1,0,1,0,-1,1,0],
[-2,-2,-1,0,-1,1,0,0,0,0,0,0,0,-1,1]]],
0,
[(29,30)(31,32)(36,37)(39,40),(42,43)],
0,
rec(CharacterParameters:=[[1,[[17],'0']],[1,[[16,1],'0']],[1,[[15,2],'0']],[1,
[[14,3],'0']],[1,[[14,2,1],'0']],[1,[[13,4],'0']],[1,[[13,3,1],'0']],[1,[[12,5
],'0']],[1,[[12,4,1],'0']],[1,[[12,3,2],'0']],[1,[[11,6],'0']],[1,[[11,5,1],
'0']],[1,[[11,4,2],'0']],[1,[[11,3,2,1],'0']],[1,[[10,7],'0']],[1,[[10,6,1],
'0']],[1,[[10,5,2],'0']],[1,[[10,4,3],'0']],[1,[[10,4,2,1],'0']],[1,[[9,8],'+'
]],[1,[[9,8],'-']],[1,[[9,7,1],'+']],[1,[[9,7,1],'-']],[1,[[9,6,2],'0']],[1,[[
9,5,3],'0']],[1,[[9,5,2,1],'0']],[1,[[9,4,3,1],'0']],[1,[[8,7,2],'0']],[1,[[8,
6,3],'0']],[1,[[8,6,2,1],'0']],[1,[[8,5,4],'0']],[1,[[8,5,3,1],'0']],[1,[[8,4,
3,2],'0']],[1,[[7,6,4],'0']],[1,[[7,6,3,1],'+']],[1,[[7,6,3,1],'-']],[1,[[7,5,
4,1],'0']],[1,[[7,5,3,2],'+']],[1,[[7,5,3,2],'-']],[1,[[7,4,3,2,1],'0']],[1,[[
6,5,4,2],'0']],[1,[[6,5,3,2,1],'+']],[1,[[6,5,3,2,1],'-']]]));

MBT("Alt(17)",3,
"(no info text)",
[1,1,1,2,1,1,1,1,1,3,1,2,2,1,1,1,1,2,1,1,1,1,1,1,1,3,1,1,3,1,1,2,2,1,1,1,2,2,1
,2,4,1,1,2,1,1,3,1,1,2,1,4,3,5,1,2,2],
[6,5,4,1,0],
[[1,2,3,4,5,6,7,8,11,12,14,15,18,21,24,25,26,27,36,37,39,41,42,43,44,45,48,56,
58,60,61,64,65,68,83,95],[10,13,16,19,20,22,29,57,70,94,133,136,155],[35,38,47
,49,62]],
[,,,[[1,2],[2,3]]],
[[[1,0,0,0,0,0,0,0,0,0,0,0,0,0,0,0,0,0,0,0,0,0,0,0,0,0,0,0,0,0,0,0,0,0,0,0],[0
,1,0,0,0,0,0,0,0,0,0,0,0,0,0,0,0,0,0,0,0,0,0,0,0,0,0,0,0,0,0,0,0,0,0,0],[0,-1,
1,0,0,0,0,0,0,0,0,0,0,0,0,0,0,0,0,0,0,0,0,0,0,0,0,0,0,0,0,0,0,0,0,0],[0,0,0,1,
0,0,0,0,0,0,0,0,0,0,0,0,0,0,0,0,0,0,0,0,0,0,0,0,0,0,0,0,0,0,0,0],[-1,0,0,-1,0,
0,0,0,1,0,0,0,0,0,0,0,0,0,0,0,0,0,0,0,0,0,0,0,0,0,0,0,0,0,0,0],[0,1,-1,0,1,0,0
,0,0,0,0,0,0,0,0,0,0,0,0,0,0,0,0,0,0,0,0,0,0,0,0,0,0,0,0,0],[1,0,0,0,0,0,0,0,
-1,1,0,0,0,0,0,0,0,0,0,0,0,0,0,0,0,0,0,0,0,0,0,0,0,0,0,0],[0,-1,0,0,-1,0,0,0,0
,0,0,0,1,0,0,0,0,0,0,0,0,0,0,0,0,0,0,0,0,0,0,0,0,0,0,0],[0,0,0,0,-1,1,0,0,0,0,
0,0,0,0,0,0,0,0,0,0,0,0,0,0,0,0,0,0,0,0,0,0,0,0,0,0],[-1,0,0,1,0,0,0,0,0,-1,0,
0,0,0,0,0,0,0,1,0,0,0,0,0,0,0,0,0,0,0,0,0,0,0,0,0],[0,1,-1,0,1,-1,0,0,0,0,0,0,
-1,0,0,0,0,0,0,0,0,1,0,0,0,0,0,0,0,0,0,0,0,0,0,0],[0,0,0,-1,0,0,1,0,0,0,0,0,0,
0,0,0,0,0,0,0,0,0,0,0,0,0,0,0,0,0,0,0,0,0,0,0],[0,0,0,1,0,0,-1,0,0,-1,1,0,0,0,
0,0,0,0,0,0,0,0,0,0,0,0,0,0,0,0,0,0,0,0,0,0],[0,0,0,-1,0,0,1,0,0,1,-1,0,0,0,0,
0,0,0,-1,1,0,0,0,0,0,0,0,0,0,0,0,0,0,0,0,0],[1,0,0,1,0,0,1,0,-1,0,-1,0,0,0,1,0
,0,0,0,0,0,0,0,0,0,0,0,0,0,0,0,0,0,0,0,0],[-1,0,0,-1,0,0,-2,0,0,0,1,0,0,0,-1,0
,0,0,0,-1,0,0,1,0,0,0,0,0,0,0,0,0,0,0,0,0],[0,1,-1,0,0,0,0,0,0,-1,0,0,1,0,0,0,
0,0,1,0,0,-1,0,0,0,0,0,1,0,-1,0,-1,1,0,0,0],[0,0,-1,0,1,-1,0,1,0,0,0,0,0,0,0,0
,0,0,0,0,0,0,0,0,0,0,0,0,0,0,0,0,0,0,0,0],[0,0,0,0,0,0,0,0,-1,1,-1,1,0,0,0,0,0
,0,0,0,0,0,0,0,0,0,0,0,0,0,0,0,0,0,0,0],[0,0,1,0,0,0,0,-1,0,0,0,0,-1,1,0,0,0,0
,0,0,0,0,0,0,0,0,0,0,0,0,0,0,0,0,0,0],[0,1,0,0,1,0,0,1,0,0,0,0,-1,-1,0,1,0,0,0
,0,0,0,0,0,0,0,0,0,0,0,0,0,0,0,0,0],[0,0,1,0,-1,1,0,-1,0,0,0,0,0,0,0,-1,0,0,0,
0,0,-1,0,1,0,0,0,0,0,0,0,0,0,0,0,0],[-2,0,0,1,0,0,0,0,1,-2,1,-1,0,0,0,0,0,0,1,
0,0,0,-1,0,0,0,0,1,0,0,0,0,0,0,0,0],[0,-2,1,-1,-1,0,-1,-1,0,1,1,0,0,1,-1,-1,0,
0,-1,0,0,0,1,0,0,0,0,-1,0,1,-1,1,0,0,0,0],[-1,0,0,1,0,0,0,0,0,-1,1,-1,0,0,0,0,
0,0,1,-1,1,0,0,0,0,0,0,0,0,0,0,0,0,0,0,0],[0,-1,0,0,0,0,0,-1,0,0,0,0,1,0,0,-1,
1,0,0,0,0,0,0,0,0,0,0,0,0,0,0,0,0,0,0,0],[-1,0,0,0,1,-1,0,0,0,0,0,0,-1,0,0,1,
-1,0,0,0,0,1,0,-1,1,0,0,0,0,0,0,0,0,0,0,0],[1,0,0,0,0,0,0,0,0,0,0,0,1,1,0,-1,0
,0,0,0,0,-1,0,0,-1,0,1,0,0,0,0,0,0,0,0,0],[1,0,0,-2,0,0,-1,0,0,2,0,1,0,0,-1,0,
0,0,-2,0,-1,0,1,0,0,0,0,-1,0,1,0,0,0,0,0,0],[-1,1,-1,2,0,0,2,0,0,-1,-1,0,-1,-1
,2,1,0,0,1,1,0,1,-2,0,1,0,-1,1,-1,-1,1,0,0,0,0,0],[0,-1,0,1,0,0,0,0,0,0,0,-1,0
,0,0,0,0,1,0,0,0,0,0,0,0,0,0,0,0,0,0,0,0,0,0,0],[0,1,-1,0,0,0,-2,0,0,0,0,1,0,0
,0,0,0,-1,0,0,-1,0,0,0,0,1,0,0,0,0,0,0,0,0,0,0],[0,-2,1,-1,-1,0,0,-1,0,1,0,0,1
,1,-1,-1,0,0,0,-1,1,0,1,0,0,-1,0,-1,1,0,0,0,0,0,0,0],[0,1,-1,1,1,-1,1,1,0,-1,
-1,0,0,0,1,1,0,0,1,0,0,0,-1,0,-1,0,0,1,0,-1,1,-1,0,0,1,0],[-1,0,0,-1,0,0,-1,0,
0,0,1,0,0,0,-1,1,0,0,0,0,0,0,0,0,0,0,-1,0,0,0,0,0,0,1,0,0],[-2,0,0,0,0,0,-1,0,
1,-1,1,0,0,-1,-1,0,-1,0,0,0,0,0,0,0,1,0,0,0,0,0,0,0,0,0,-1,1]],[[1,0,0,0,0,0,0
,0,0,0,0,0,0],[0,1,0,0,0,0,0,0,0,0,0,0,0],[-1,-1,0,1,0,0,0,0,0,0,0,0,0],[0,0,0
,-1,1,0,0,0,0,0,0,0,0],[-1,0,1,0,0,0,0,0,0,0,0,0,0],[-1,0,-1,1,-1,1,0,0,0,0,0,
0,0],[1,1,1,-1,0,-1,1,0,0,0,0,0,-1],[0,0,0,0,0,0,0,0,0,0,0,0,1],[1,0,-1,-1,0,0
,-1,1,0,0,0,0,0],[0,1,0,-1,1,0,0,-1,1,0,0,0,0],[-1,-1,0,1,-1,0,0,0,-1,1,0,0,0]
,[-1,0,0,1,-1,1,0,0,0,-1,0,1,0],[-1,0,-1,0,0,0,-1,1,0,0,1,-1,0]],[[1,0,0,0,0],
[-1,1,0,0,0],[-1,-1,1,0,0],[1,0,-1,1,0],[0,1,-1,-1,1]]],
0,
0,
0,
rec(CharacterParameters:=[[1,[[17],'0']],[1,[[16,1],'0']],[1,[[15,2],'0']],[1,
[[15,1,1],'0']],[1,[[14,3],'0']],[1,[[14,2,1],'0']],[1,[[13,4],'0']],[1,[[13,3
,1],'0']],[1,[[13,2,2],'0']],[1,[[13,2,1,1],'0']],[1,[[12,5],'0']],[1,[[12,4,1
],'0']],[1,[[12,3,2],'0']],[1,[[12,3,1,1],'0']],[1,[[12,2,2,1],'0']],[1,[[11,6
],'0']],[1,[[11,5,1],'0']],[1,[[11,4,2],'0']],[1,[[11,4,1,1],'0']],[1,[[11,3,3
],'0']],[1,[[11,3,2,1],'0']],[1,[[11,2,2,1,1],'0']],[1,[[10,7],'0']],[1,[[10,6
,1],'0']],[1,[[10,5,2],'0']],[1,[[10,5,1,1],'0']],[1,[[10,4,3],'0']],[1,[[10,4
,2,1],'0']],[1,[[10,3,3,1],'0']],[1,[[10,3,2,2],'0']],[1,[[10,3,2,1,1],'0']],[
1,[[9,7,1],'0']],[1,[[9,6,2],'0']],[1,[[9,6,1,1],'0']],[1,[[9,5,3],'0']],[1,[[
9,5,2,1],'0']],[1,[[9,4,4],'+']],[1,[[9,4,4],'-']],[1,[[9,4,3,1],'0']],[1,[[9,
4,2,2],'0']],[1,[[9,4,2,1,1],'0']],[1,[[9,3,3,2],'0']],[1,[[9,3,3,1,1],'0']],[
1,[[9,3,2,2,1],'0']],[1,[[8,6,3],'0']],[1,[[8,6,2,1],'0']],[1,[[8,5,3,1],'0']]
,[1,[[8,5,2,2],'0']],[1,[[8,5,2,1,1],'0']],[1,[[8,4,2,2,1],'0']],[1,[[8,3,3,2,
1],'0']],[1,[[8,3,2,2,1,1],'0']],[1,[[7,5,3,2],'0']],[1,[[7,5,3,1,1],'0']],[1,
[[7,5,2,2,1],'0']],[1,[[7,4,2,2,1,1],'+']],[1,[[7,4,2,2,1,1],'-']]]));

MBT("Alt(17)",5,
"(no info text)",
[1,1,1,3,1,4,7,2,1,1,4,3,1,1,5,1,1,1,1,4,1,4,6,1,1,9,1,13,1,3,3,7,1,8,3,1,3,11
,1,3,1,1,4,3,7,4,7,10,1,4,7,3,9,4,1,8,1,7,7,4,1,1,1,4,1,8,3,1,4,7,3,9,2,4,2,3,
2,1,1,6,5,6,1,1,5,1,3,11,1,1,4,1,8,1,12,1,6,3,5,14,15,16,9,4,13,7,7],
[3,1,2,2,1,1,2,1,1,0,1,0,1,0,0,0],
[[1,2,3,4,6,7,8,9,12,13,17,18,20,23,25,27,29,30,36,41,42,46,47,50,52,64,67,68,
70,74,75,80,85,87,88,97,118,122,123,132],,[10,15,21,22,56,59,71,73,76,82,83,92
,94,96],[11,14,16,26,35,37,40,48,49,60,61,62,99,131],,,[34,38,39,44,57,58,107,
110,113,155]],
[,[[1,2],[2,3],[3,4],[4,5]],,,[[1,2],[4,5],[2,3],[3,5]],[[1,2],[3,4],[2,5],[4,
5]],,6,[[1,2],[4,5],[3,5],[2,3]],,[[1,2],[2..4]],,11],
[[[1,0,0,0,0,0,0,0,0,0,0,0,0,0,0,0,0,0,0,0,0,0,0,0,0,0,0,0,0,0,0,0,0,0,0,0,0,0
,0,0],[0,1,0,0,0,0,0,0,0,0,0,0,0,0,0,0,0,0,0,0,0,0,0,0,0,0,0,0,0,0,0,0,0,0,0,0
,0,0,0,0],[0,-1,1,0,0,0,0,0,0,0,0,0,0,0,0,0,0,0,0,0,0,0,0,0,0,0,0,0,0,0,0,0,0,
0,0,0,0,0,0,0],[-1,0,0,1,0,0,0,0,0,0,0,0,0,0,0,0,0,0,0,0,0,0,0,0,0,0,0,0,0,0,0
,0,0,0,0,0,0,0,0,0],[1,0,0,-1,0,0,0,0,1,0,0,0,0,0,0,0,0,0,0,0,0,0,0,0,0,0,0,0,
0,0,0,0,0,0,0,0,0,0,0,0],[0,1,-1,0,0,0,0,0,0,0,0,1,0,0,0,0,0,0,0,0,0,0,0,0,0,0
,0,0,0,0,0,0,0,0,0,0,0,0,0,0],[1,0,0,-1,1,0,0,0,0,0,0,0,0,0,0,0,0,0,0,0,0,0,0,
0,0,0,0,0,0,0,0,0,0,0,0,0,0,0,0,0],[-2,0,0,1,-1,0,0,0,-1,1,0,0,0,0,0,0,0,0,0,0
,0,0,0,0,0,0,0,0,0,0,0,0,0,0,0,0,0,0,0,0],[1,0,0,0,1,0,0,0,0,-1,0,0,0,0,0,0,0,
0,1,0,0,0,0,0,0,0,0,0,0,0,0,0,0,0,0,0,0,0,0,0],[0,-1,1,0,0,0,0,0,0,0,0,-1,0,0,
0,0,0,0,0,1,0,0,0,0,0,0,0,0,0,0,0,0,0,0,0,0,0,0,0,0],[-1,0,0,0,-1,0,0,0,0,1,0,
0,0,0,0,0,0,0,-1,0,0,0,0,0,0,0,0,0,0,1,0,0,0,0,0,0,0,0,0,0],[0,1,-1,0,0,1,0,0,
0,0,0,0,0,0,0,0,0,0,0,0,0,0,0,0,0,0,0,0,0,0,0,0,0,0,0,0,0,0,0,0],[0,-2,1,0,0,
-1,0,0,0,0,0,-1,1,0,0,0,0,0,0,0,0,0,0,0,0,0,0,0,0,0,0,0,0,0,0,0,0,0,0,0],[0,2,
-1,0,0,1,0,0,0,0,0,1,-1,0,0,0,0,0,0,-1,1,0,0,0,0,0,0,0,0,0,0,0,0,0,0,0,0,0,0,0
],[2,0,0,-1,1,0,0,0,1,-1,0,0,0,0,0,0,0,0,0,0,0,0,0,0,0,0,0,0,0,-1,1,0,0,0,0,0,
0,0,0,0],[0,-1,0,0,0,-1,0,0,0,0,0,0,1,0,0,0,0,0,0,0,-1,0,0,0,0,0,0,0,0,0,0,1,0
,0,0,0,0,0,0,0],[0,-1,1,0,0,-1,1,0,0,0,0,0,0,0,0,0,0,0,0,0,0,0,0,0,0,0,0,0,0,0
,0,0,0,0,0,0,0,0,0,0],[0,2,-2,0,0,1,-1,0,0,0,0,1,-1,0,1,0,0,0,0,0,0,0,0,0,0,0,
0,0,0,0,0,0,0,0,0,0,0,0,0,0],[0,-2,2,0,0,-1,1,0,0,0,0,-1,1,0,-1,0,0,0,0,1,-1,0
,1,0,0,0,0,0,0,0,0,0,0,0,0,0,0,0,0,0],[-1,0,0,1,0,0,0,0,-1,0,0,0,0,0,0,0,0,0,1
,0,0,0,0,0,0,0,0,0,0,0,-1,0,0,0,0,0,1,0,0,0],[0,1,-1,0,0,1,-1,0,0,0,0,0,-1,0,1
,0,0,0,0,0,1,0,-1,0,0,0,0,0,0,0,0,-1,0,0,0,0,0,1,0,0],[-1,0,0,1,-1,0,0,1,0,0,0
,0,0,0,0,0,0,0,0,0,0,0,0,0,0,0,0,0,0,0,0,0,0,0,0,0,0,0,0,0],[2,0,0,-2,1,0,0,-1
,1,-1,0,0,0,0,0,0,1,0,0,0,0,0,0,0,0,0,0,0,0,0,0,0,0,0,0,0,0,0,0,0],[-2,0,0,2,
-1,0,0,1,-1,1,0,0,0,0,0,0,-1,0,0,0,0,0,0,0,0,0,0,0,0,1,-1,0,1,0,0,0,0,0,0,0],[
1,0,0,-2,0,0,0,-1,1,0,0,0,0,0,0,0,1,0,-1,0,0,0,0,0,0,0,0,0,0,0,1,0,-1,0,0,0,-1
,0,1,0],[-1,0,0,2,0,0,0,1,-2,0,-1,0,0,0,0,0,-1,1,1,0,0,0,0,0,0,0,0,0,0,0,-1,0,
1,0,0,-1,1,0,-1,1],[2,0,0,-1,1,0,0,-1,1,-1,1,0,0,0,0,0,0,0,0,0,0,0,0,0,0,0,0,0
,0,0,0,0,0,0,0,0,0,0,0,0],[0,2,-1,0,0,1,-1,0,0,0,0,1,-1,1,0,0,0,0,0,0,0,0,0,0,
0,0,0,0,0,0,0,0,0,0,0,0,0,0,0,0],[0,-2,2,0,0,-1,1,0,0,0,0,-2,1,-1,-1,1,0,0,0,0
,0,0,0,0,0,0,0,0,0,0,0,0,0,0,0,0,0,0,0,0],[-2,0,0,2,-1,0,0,1,-2,1,-1,0,0,0,0,0
,-1,1,0,0,0,0,0,0,0,0,0,0,0,0,0,0,0,0,0,0,0,0,0,0],[0,2,-2,0,0,1,-1,0,0,0,0,2,
-1,1,1,-1,0,0,0,-1,1,0,-1,0,0,0,1,0,0,0,0,0,0,0,0,0,0,0,0,0],[2,0,0,-2,1,0,0,
-1,2,-1,1,0,0,0,0,0,1,-1,0,0,0,0,0,0,0,0,0,0,0,-1,1,0,-1,0,0,1,0,0,0,0],[0,-3,
1,0,0,-1,1,0,0,0,0,-1,1,-1,0,0,0,0,0,1,-1,1,0,0,0,0,0,0,0,0,0,0,0,0,0,0,0,0,0,
0],[-2,1,0,1,-1,0,0,1,-1,1,-1,1,-1,1,0,0,0,0,0,-1,1,-1,0,0,0,0,1,-1,1,0,0,0,0,
0,0,0,0,0,0,0],[0,4,-4,0,0,2,-2,0,0,0,0,2,-1,1,1,-1,0,0,0,-2,1,-1,-1,1,0,0,0,0
,0,0,0,0,0,0,0,0,0,0,0,0],[0,-2,2,0,0,-1,1,0,0,0,0,-2,1,-1,-1,1,0,0,0,2,-1,1,1
,-1,0,0,-1,1,0,0,0,0,0,0,0,0,0,0,0,0],[-2,1,-1,0,-1,1,-1,1,0,1,0,0,0,0,0,0,0,
-1,-1,0,0,0,0,0,1,0,0,0,0,0,0,0,0,0,0,0,0,0,0,0],[2,-2,1,-1,2,-1,1,-2,0,-1,0,
-1,1,-1,0,0,0,1,1,1,-1,1,0,0,-1,0,-1,1,-1,-1,0,0,-1,1,0,0,0,0,0,0],[0,-1,1,1,0
,-1,1,0,-1,0,0,0,0,0,0,0,-1,1,1,0,0,0,0,0,-1,1,0,0,0,0,0,0,0,0,0,0,0,0,0,0],[
-2,2,0,1,-1,1,-1,1,-1,1,-1,0,-1,0,0,1,0,0,0,0,1,0,0,-1,0,0,0,0,0,0,0,-1,0,0,1,
0,0,0,0,0]],,[[1,0,0,0,0,0,0,0,0,0,0,0,0,0],[0,0,0,0,0,0,0,1,0,0,0,0,0,0],[0,1
,0,0,0,0,0,0,0,0,0,0,0,0],[-1,-1,1,0,0,0,0,0,0,0,0,0,0,0],[0,0,0,0,0,0,0,-1,1,
0,0,0,0,0],[1,1,-1,0,1,0,0,0,0,0,0,0,0,0],[-1,-1,1,0,-1,0,0,0,0,0,0,1,0,0],[1,
0,-1,1,0,0,0,0,0,0,0,0,0,0],[0,0,0,0,0,0,0,1,-1,1,0,0,0,0],[1,0,-1,1,1,-1,1,0,
0,0,0,0,0,0],[-1,0,1,-1,-1,1,-1,-1,0,-1,1,0,0,0],[1,0,-1,1,1,-1,1,0,1,0,-1,0,1
,0],[-2,0,1,-1,-1,1,0,0,0,0,0,0,0,0],[2,0,-1,1,1,-1,0,0,0,0,0,-1,0,1]],[[1,0,0
,0,0,0,0,0,0,0,0,0,0,0],[0,0,0,0,1,0,0,0,0,0,0,0,0,0],[-1,1,0,0,0,0,0,0,0,0,0,
0,0,0],[0,0,0,0,-1,1,0,0,0,0,0,0,0,0],[1,-1,1,0,0,0,0,0,0,0,0,0,0,0],[-1,0,-1,
1,0,0,0,0,0,0,0,0,0,0],[0,0,0,0,1,-1,0,1,0,0,0,0,0,0],[1,0,1,-1,0,0,0,0,0,1,0,
0,0,0],[-1,0,-1,1,0,0,0,0,0,-1,0,0,0,1],[0,0,0,0,1,-1,1,0,0,0,0,0,0,0],[0,0,0,
0,-2,1,-1,-1,1,0,0,0,0,0],[0,0,0,0,1,0,1,0,-1,0,1,0,0,0],[-2,1,-1,0,0,0,0,0,0,
-1,0,1,0,0],[0,0,-1,1,-1,1,-1,0,0,0,0,-1,1,0]],,,[[1,0,0,0,0,0,0,0,0,0],[-1,1,
0,0,0,0,0,0,0,0],[1,-1,1,0,0,0,0,0,0,0],[-1,0,-1,1,0,0,0,0,0,0],[1,0,1,-1,1,0,
0,0,0,0],[-1,0,-1,1,-1,0,1,0,0,-1],[0,0,0,0,0,0,0,0,0,1],[-2,1,-1,0,-1,1,0,0,0
,0],[1,0,0,0,1,-1,0,0,1,0],[1,-1,1,0,0,0,-1,1,-1,0]]],
0,
0,
0,
rec(CharacterParameters:=[[1,[[17],'0']],[1,[[16,1],'0']],[1,[[15,2],'0']],[1,
[[15,1,1],'0']],[1,[[14,3],'0']],[1,[[14,2,1],'0']],[1,[[14,1,1,1],'0']],[1,[[
13,4],'0']],[1,[[13,3,1],'0']],[1,[[13,2,2],'0']],[1,[[13,2,1,1],'0']],[1,[[13
,1,1,1,1],'0']],[1,[[12,5],'0']],[1,[[12,4,1],'0']],[1,[[12,3,2],'0']],[1,[[12
,3,1,1],'0']],[1,[[12,2,2,1],'0']],[1,[[12,2,1,1,1],'0']],[1,[[11,6],'0']],[1,
[[11,5,1],'0']],[1,[[11,4,2],'0']],[1,[[11,4,1,1],'0']],[1,[[11,3,3],'0']],[1,
[[11,3,2,1],'0']],[1,[[11,3,1,1,1],'0']],[1,[[11,2,2,2],'0']],[1,[[11,2,2,1,1]
,'0']],[1,[[11,2,1,1,1,1],'0']],[1,[[10,7],'0']],[1,[[10,6,1],'0']],[1,[[10,5,
2],'0']],[1,[[10,5,1,1],'0']],[1,[[10,4,3],'0']],[1,[[10,4,2,1],'0']],[1,[[10,
4,1,1,1],'0']],[1,[[10,3,3,1],'0']],[1,[[10,3,2,2],'0']],[1,[[10,3,2,1,1],'0']
],[1,[[10,3,1,1,1,1],'0']],[1,[[10,2,2,2,1],'0']],[1,[[10,2,2,1,1,1],'0']],[1,
[[9,8],'0']],[1,[[9,7,1],'0']],[1,[[9,6,2],'0']],[1,[[9,6,1,1],'0']],[1,[[9,5,
3],'0']],[1,[[9,5,2,1],'0']],[1,[[9,5,1,1,1],'0']],[1,[[9,4,4],'0']],[1,[[9,4,
3,1],'0']],[1,[[9,4,2,2],'0']],[1,[[9,4,2,1,1],'0']],[1,[[9,4,1,1,1,1],'0']],[
1,[[9,3,3,2],'0']],[1,[[9,3,3,1,1],'0']],[1,[[9,3,2,2,1],'0']],[1,[[9,3,2,1,1,
1],'0']],[1,[[9,2,2,2,2],'+']],[1,[[9,2,2,2,2],'-']],[1,[[9,2,2,2,1,1],'0']],[
1,[[9,2,2,1,1,1,1],'0']],[1,[[8,8,1],'0']],[1,[[8,7,2],'0']],[1,[[8,7,1,1],'0'
]],[1,[[8,6,3],'0']],[1,[[8,6,2,1],'0']],[1,[[8,6,1,1,1],'0']],[1,[[8,5,4],'0'
]],[1,[[8,5,3,1],'0']],[1,[[8,5,2,2],'0']],[1,[[8,5,2,1,1],'0']],[1,[[8,5,1,1,
1,1],'0']],[1,[[8,4,4,1],'0']],[1,[[8,4,3,2],'0']],[1,[[8,4,3,1,1],'0']],[1,[[
8,4,2,2,1],'0']],[1,[[8,4,2,1,1,1],'0']],[1,[[8,3,3,3],'0']],[1,[[8,3,3,2,1],
'0']],[1,[[8,3,3,1,1,1],'0']],[1,[[8,3,2,1,1,1,1],'0']],[1,[[7,7,3],'0']],[1,[
[7,7,2,1],'0']],[1,[[7,7,1,1,1],'0']],[1,[[7,6,4],'0']],[1,[[7,6,3,1],'0']],[1
,[[7,6,2,2],'0']],[1,[[7,6,2,1,1],'0']],[1,[[7,6,1,1,1,1],'0']],[1,[[7,5,4,1],
'0']],[1,[[7,5,3,2],'0']],[1,[[7,5,3,1,1],'0']],[1,[[7,5,2,2,1],'0']],[1,[[7,4
,4,2],'0']],[1,[[7,4,4,1,1],'0']],[1,[[7,4,3,2,1],'0']],[1,[[7,4,3,1,1,1],'0']
],[1,[[7,4,2,2,2],'0']],[1,[[7,4,2,1,1,1,1],'0']],[1,[[7,3,3,2,1,1],'0']],[1,[
[7,3,3,1,1,1,1],'+']],[1,[[7,3,3,1,1,1,1],'-']],[1,[[6,6,3,2],'0']],[1,[[6,5,3
,2,1],'0']],[1,[[6,5,3,1,1,1],'0']],[1,[[6,5,2,2,2],'+']],[1,[[6,5,2,2,2],'-']
]]));

MBT("Alt(17)",7,
"(no info text)",
[1,2,3,1,2,1,11,1,5,1,12,20,4,1,2,13,14,21,20,4,6,7,1,8,2,14,1,13,12,11,1,1,7,
1,9,15,1,8,7,2,1,1,5,1,2,5,2,13,8,2,14,10,8,7,2,1,16,23,24,2,36,4,1,2,2,3,1,1,
12,3,14,21,8,3,1,13,12,8,17,3,1,5,1,18,26,3,4,2,2,34,1,11,20,2,14,11,22,20,7,2
,1,13,25,29,11,7,2,2,19,1,5,11,30,37,28,4,35,1,13,12,21,20,20,1,5,14,27,12,31,
32,33,4],
[2,2,1,1,1,0,1,1,0,0,1,1,1,1,0,0,0,0,0,1,1,0,0,0,0,0,0,0,0,0,0,0,0,0,0,0,0],
[[1,5,8,10,11,13,15,17,18,23,28,33,37,38,54,55,58,62,76,92,94,98,118,119,131,
132,142],[2,4,9,19,22,31,42,44,52,81,82,89,105,123,146,147,149,155]],
[,,[[1,2],[6,7],[2,3],[3,4],[4,5],[5,7]],[[1,2],[2,3],[4,5],[5,6],[6,7],[3,7]]
,[[1,2],[5,6],[2,3],[6,7],[4,7],[3,4]],,[[1,2],[2,3],[4,5],[5,6],[3,7],[6,7]],
[[1,2],[4,5],[2,3],[5,6],[3,7],[6,7]],,,[[1,2],[6,7],[2,3],[3,4],[5,7],[4,5]],
[[1,2],[5,6],[2,3],[6,7],[3,4],[4,7]],[[1,2],[4,5],[2,3],[5,6],[6,7],[3,7]],[[
1,2],[4,5],[5,6],[2,3],[3,7],[6,7]],,,,,,12,[[1,2],[2,3],[3..5]]],
[[[1,0,0,0,0,0,0,0,0,0,0,0,0,0,0,0,0,0,0,0,0,0,0,0,0,0,0],[0,0,0,1,0,0,0,0,0,0
,0,0,0,0,0,0,0,0,0,0,0,0,0,0,0,0,0],[0,0,0,-1,1,0,0,0,0,0,0,0,0,0,0,0,0,0,0,0,
0,0,0,0,0,0,0],[-1,1,0,0,0,0,0,0,0,0,0,0,0,0,0,0,0,0,0,0,0,0,0,0,0,0,0],[0,0,0
,1,-1,0,0,0,1,0,0,0,0,0,0,0,0,0,0,0,0,0,0,0,0,0,0],[1,-1,0,0,0,1,0,0,0,0,0,0,0
,0,0,0,0,0,0,0,0,0,0,0,0,0,0],[-1,1,0,0,0,-1,0,0,0,0,0,0,1,0,0,0,0,0,0,0,0,0,0
,0,0,0,0],[0,0,0,-1,1,0,0,0,-1,0,0,0,0,0,0,1,0,0,0,0,0,0,0,0,0,0,0],[1,-1,1,0,
0,0,0,0,0,0,0,0,0,0,0,0,0,0,0,0,0,0,0,0,0,0,0],[-2,1,-1,0,0,-1,1,0,0,0,0,0,0,0
,0,0,0,0,0,0,0,0,0,0,0,0,0],[2,-1,1,0,0,1,-1,0,0,0,0,0,-1,1,0,0,0,0,0,0,0,0,0,
0,0,0,0],[-1,0,-1,0,0,0,1,0,0,0,0,0,0,-1,0,0,0,0,1,0,0,0,0,0,0,0,0],[1,0,1,0,0
,0,-1,0,0,0,0,0,0,1,0,0,0,0,-1,0,0,0,1,0,0,0,0],[0,0,0,1,-1,0,0,0,1,0,0,0,0,0,
0,-1,0,0,0,1,0,0,0,0,0,0,0],[-1,0,-1,0,0,0,1,0,0,0,0,0,0,-1,0,0,0,0,1,0,0,0,-1
,0,0,0,1],[-2,1,-1,0,0,-1,1,0,0,0,0,0,1,-1,0,0,0,0,0,0,0,0,-1,1,0,0,0],[0,0,0,
-1,1,0,0,0,-1,0,0,0,0,0,0,1,0,0,0,-1,0,0,0,0,1,0,0],[0,0,0,1,-1,0,0,1,0,0,0,0,
0,0,0,0,0,0,0,0,0,0,0,0,0,0,0],[0,0,0,-2,1,0,0,-1,-1,1,0,0,0,0,0,0,0,0,0,0,0,0
,0,0,0,0,0],[0,0,0,2,-1,0,0,1,1,-1,0,0,0,0,0,-1,1,0,0,0,0,0,0,0,0,0,0],[0,0,0,
-2,1,0,0,-1,-1,1,0,0,0,0,0,1,-1,0,0,-1,1,0,0,0,0,0,0],[0,0,0,2,-1,0,0,1,1,-1,0
,0,0,0,0,-1,1,0,0,1,-1,0,0,0,-1,1,0],[0,0,0,1,-1,0,0,1,1,-1,1,0,0,0,0,0,0,0,0,
0,0,0,0,0,0,0,0],[0,0,0,-2,2,0,0,-2,-1,1,-1,0,0,0,0,1,-1,1,0,0,0,0,0,0,0,0,0],
[0,0,0,2,-2,0,0,2,1,-1,1,0,0,0,0,-1,1,-1,0,1,-1,1,0,0,0,0,0],[1,-1,1,0,0,1,-1,
0,0,0,0,1,0,0,0,0,0,0,0,0,0,0,0,0,0,0,0],[-2,2,-2,0,0,-1,1,0,0,0,0,-1,1,-1,1,0
,0,0,0,0,0,0,0,0,0,0,0]],[[1,0,0,0,0,0,0,0,0,0,0,0,0,0,0,0,0,0],[-1,1,0,0,0,0,
0,0,0,0,0,0,0,0,0,0,0,0],[1,-1,0,1,0,0,0,0,0,0,0,0,0,0,0,0,0,0],[-1,1,0,-1,0,0
,1,0,0,0,0,0,0,0,0,0,0,0],[1,-1,0,1,0,0,-1,0,0,1,0,0,0,0,0,0,0,0],[1,-1,1,0,0,
0,0,0,0,0,0,0,0,0,0,0,0,0],[-2,1,-1,-1,1,0,0,0,0,0,0,0,0,0,0,0,0,0],[2,-1,1,1,
-1,0,-1,1,0,0,0,0,0,0,0,0,0,0],[-2,1,-1,-1,1,0,1,-1,0,-1,1,0,0,0,0,0,0,0],[1,0
,1,0,-1,0,0,1,0,0,-1,0,0,1,0,0,0,0],[-1,0,-1,0,1,0,0,-1,0,0,1,0,0,-1,1,0,0,-1]
,[0,0,0,0,0,0,0,0,0,0,0,0,0,0,0,0,0,1],[1,-1,1,0,0,0,-1,1,-1,0,0,0,1,0,-1,1,-1
,0],[1,0,0,1,-1,0,0,0,1,1,-1,0,-1,0,0,0,1,0],[1,-1,1,1,-1,1,0,0,0,0,0,0,0,0,0,
0,0,0],[-2,2,-2,-1,1,-1,1,-1,1,0,0,0,0,0,0,0,0,0],[1,-1,1,0,0,0,-1,1,-1,0,0,0,
1,0,0,0,0,0],[1,-1,1,1,-1,1,0,0,0,1,-1,1,-1,0,0,0,0,0]]],
0,
0,
0,
rec(CharacterParameters:=[[1,[[17],'0']],[1,[[16,1],'0']],[1,[[15,2],'0']],[1,
[[15,1,1],'0']],[1,[[14,3],'0']],[1,[[14,2,1],'0']],[1,[[14,1,1,1],'0']],[1,[[
13,4],'0']],[1,[[13,3,1],'0']],[1,[[13,2,2],'0']],[1,[[13,2,1,1],'0']],[1,[[13
,1,1,1,1],'0']],[1,[[12,5],'0']],[1,[[12,4,1],'0']],[1,[[12,3,2],'0']],[1,[[12
,3,1,1],'0']],[1,[[12,2,2,1],'0']],[1,[[12,2,1,1,1],'0']],[1,[[12,1,1,1,1,1],
'0']],[1,[[11,6],'0']],[1,[[11,5,1],'0']],[1,[[11,4,2],'0']],[1,[[11,4,1,1],
'0']],[1,[[11,3,3],'0']],[1,[[11,3,2,1],'0']],[1,[[11,3,1,1,1],'0']],[1,[[11,2
,2,2],'0']],[1,[[11,2,2,1,1],'0']],[1,[[11,2,1,1,1,1],'0']],[1,[[11,1,1,1,1,1,
1],'0']],[1,[[10,7],'0']],[1,[[10,6,1],'0']],[1,[[10,5,2],'0']],[1,[[10,5,1,1]
,'0']],[1,[[10,4,3],'0']],[1,[[10,4,2,1],'0']],[1,[[10,4,1,1,1],'0']],[1,[[10,
3,3,1],'0']],[1,[[10,3,2,2],'0']],[1,[[10,3,2,1,1],'0']],[1,[[10,3,1,1,1,1],
'0']],[1,[[10,2,2,2,1],'0']],[1,[[10,2,2,1,1,1],'0']],[1,[[10,2,1,1,1,1,1],'0'
]],[1,[[9,8],'0']],[1,[[9,7,1],'0']],[1,[[9,6,2],'0']],[1,[[9,6,1,1],'0']],[1,
[[9,5,3],'0']],[1,[[9,5,2,1],'0']],[1,[[9,5,1,1,1],'0']],[1,[[9,4,4],'0']],[1,
[[9,4,3,1],'0']],[1,[[9,4,2,2],'0']],[1,[[9,4,2,1,1],'0']],[1,[[9,4,1,1,1,1],
'0']],[1,[[9,3,3,2],'0']],[1,[[9,3,3,1,1],'0']],[1,[[9,3,2,2,1],'0']],[1,[[9,3
,2,1,1,1],'0']],[1,[[9,3,1,1,1,1,1],'0']],[1,[[9,2,2,2,2],'0']],[1,[[9,2,2,2,1
,1],'0']],[1,[[9,2,2,1,1,1,1],'+']],[1,[[9,2,2,1,1,1,1],'-']],[1,[[9,2,1,1,1,1
,1,1],'0']],[1,[[8,8,1],'0']],[1,[[8,7,2],'0']],[1,[[8,7,1,1],'0']],[1,[[8,6,3
],'0']],[1,[[8,6,2,1],'0']],[1,[[8,6,1,1,1],'0']],[1,[[8,5,4],'0']],[1,[[8,5,3
,1],'0']],[1,[[8,5,2,2],'0']],[1,[[8,5,2,1,1],'0']],[1,[[8,5,1,1,1,1],'0']],[1
,[[8,4,4,1],'0']],[1,[[8,4,3,2],'0']],[1,[[8,4,3,1,1],'0']],[1,[[8,4,2,2,1],
'0']],[1,[[8,4,2,1,1,1],'0']],[1,[[8,4,1,1,1,1,1],'0']],[1,[[8,3,3,3],'0']],[1
,[[8,3,3,2,1],'0']],[1,[[8,3,3,1,1,1],'0']],[1,[[8,3,2,2,2],'0']],[1,[[8,3,2,1
,1,1,1],'+']],[1,[[8,3,2,1,1,1,1],'-']],[1,[[8,2,2,2,2,1],'0']],[1,[[7,7,3],
'0']],[1,[[7,7,2,1],'0']],[1,[[7,7,1,1,1],'0']],[1,[[7,6,4],'0']],[1,[[7,6,3,1
],'0']],[1,[[7,6,2,2],'0']],[1,[[7,6,2,1,1],'0']],[1,[[7,6,1,1,1,1],'0']],[1,[
[7,5,5],'0']],[1,[[7,5,4,1],'0']],[1,[[7,5,3,2],'0']],[1,[[7,5,3,1,1],'0']],[1
,[[7,5,2,2,1],'0']],[1,[[7,5,2,1,1,1],'0']],[1,[[7,5,1,1,1,1,1],'0']],[1,[[7,4
,4,2],'0']],[1,[[7,4,4,1,1],'+']],[1,[[7,4,4,1,1],'-']],[1,[[7,4,3,3],'0']],[1
,[[7,4,3,2,1],'0']],[1,[[7,4,3,1,1,1],'0']],[1,[[7,4,2,2,2],'0']],[1,[[7,4,2,2
,1,1],'0']],[1,[[7,4,2,1,1,1,1],'0']],[1,[[7,3,3,3,1],'0']],[1,[[7,3,3,2,2],
'0']],[1,[[7,2,2,2,2,2],'0']],[1,[[6,6,5],'0']],[1,[[6,6,4,1],'0']],[1,[[6,6,3
,2],'0']],[1,[[6,6,3,1,1],'0']],[1,[[6,6,2,2,1],'0']],[1,[[6,6,2,1,1,1],'0']],
[1,[[6,5,5,1],'0']],[1,[[6,5,4,2],'0']],[1,[[6,5,4,1,1],'0']],[1,[[6,5,3,2,1],
'0']],[1,[[6,5,3,1,1,1],'0']],[1,[[6,5,2,2,1,1],'0']],[1,[[6,4,3,2,1,1],'+']],
[1,[[6,4,3,2,1,1],'-']],[1,[[6,3,3,3,2],'0']]]));

