MBT("Alt(8)",2,
"(no info text)",
[1,1,1,1,1,2,1,1],
[6,0],
[[1,2,3,4,8,10,13]],
[],
[[[1,0,0,0,0,0,0],[-1,1,0,0,0,0,0],[1,-1,1,0,0,0,0],[0,0,-1,1,-1,1,1],[0,0,0,0
,1,-1,-1],[-1,0,0,0,0,1,0],[-1,0,0,-1,1,-1,0]]],
0,
0,
0,
rec(CharacterParameters:=[[1,[[8],'0']],[1,[[7,1],'0']],[1,[[6,2],'0']],[1,[[5
,3],'+']],[1,[[5,3],'-']],[1,[[5,2,1],'0']],[1,[[4,3,1],'+']],[1,[[4,3,1],'-']
]]));

MBT("Alt(8)",3,
"(no info text)",
[1,1,1,2,1,1,3,4],
[2,1,0,0],
[[1,2,3,4,7]],
[,[[1..3]]],
[[[1,0,0,0,0],[0,1,0,0,0],[0,-1,1,0,0],[0,0,0,1,0],[-1,0,0,-1,1]]],
0,
0,
0,
rec(CharacterParameters:=[[1,[[8],'0']],[1,[[7,1],'0']],[1,[[6,2],'0']],[1,[[6
,1,1],'0']],[1,[[5,3],'0']],[1,[[5,2,1],'0']],[1,[[4,2,1,1],'+']],[1,[[4,2,1,1
],'-']]]));

MBT("Alt(8)",5,
"(no info text)",
[1,2,3,1,2,1,5,1,4,6,7],
[1,1,0,0,0,0,0],
[],
[[[1,2],[3,4],[4,5],[2,5]],[[1,2],[2..4]]],
[],
0,
0,
0,
rec(CharacterParameters:=[[1,[[8],'0']],[1,[[7,1],'0']],[1,[[6,2],'0']],[1,[[6
,1,1],'0']],[1,[[5,3],'0']],[1,[[5,2,1],'0']],[1,[[5,1,1,1],'0']],[1,[[4,4],
'0']],[1,[[4,3,1],'0']],[1,[[4,2,1,1],'+']],[1,[[4,2,1,1],'-']]]));

MBT("Alt(8)",7,
"(no info text)",
[1,2,1,5,3,1,10,4,6,7,8,9],
[1,0,0,0,0,0,0,0,0,0],
[],
[[[1,2],[2,3],[3..5]]],
[],
0,
0,
0,
rec(CharacterParameters:=[[1,[[8],'0']],[1,[[7,1],'0']],[1,[[6,2],'0']],[1,[[6
,1,1],'0']],[1,[[5,3],'0']],[1,[[5,2,1],'0']],[1,[[5,1,1,1],'0']],[1,[[4,4],
'0']],[1,[[4,3,1],'0']],[1,[[4,2,2],'0']],[1,[[3,3,2],'+']],[1,[[3,3,2],'-']]]
));

