MBT("Alt(11)",2,
"(no info text)",
[1,2,1,2,1,1,1,2,2,1,2,1,2,2],
[7,6],
[[1,3,5,8,9,10,14],[2,4,6,13,22,24,30]],
[],
[[[1,0,0,0,0,0,0],[0,1,0,0,0,0,0],[-1,-1,0,1,0,0,0],[-1,0,1,0,0,0,0],[0,1,-1,
-1,1,0,0],[1,0,0,0,-1,1,0],[-2,-1,1,0,0,-1,1]],[[1,0,0,0,0,0,0],[-1,1,0,0,0,0,
0],[0,-1,0,0,0,0,1],[1,0,1,0,0,0,-1],[-1,0,-1,1,0,0,0],[-1,0,-1,-1,1,-1,0],[-1
,0,0,0,0,1,0]]],
0,
0,
0,
rec(CharacterParameters:=[[1,[[11],'0']],[1,[[10,1],'0']],[1,[[9,2],'0']],[1,[
[8,3],'0']],[1,[[8,2,1],'0']],[1,[[7,4],'0']],[1,[[7,3,1],'0']],[1,[[6,5],'+']
],[1,[[6,5],'-']],[1,[[6,4,1],'0']],[1,[[6,3,2],'0']],[1,[[5,4,2],'0']],[1,[[5
,3,2,1],'+']],[1,[[5,3,2,1],'-']]]));

MBT("Alt(11)",3,
"(no info text)",
[1,1,1,2,1,1,1,1,1,3,2,2,2,1,1],
[4,2,1],
[[1,2,3,4,5,8,9,12,19,21],[7,10,13,30]],
[,,[[1..3]]],
[[[1,0,0,0,0,0,0,0,0,0],[0,1,0,0,0,0,0,0,0,0],[0,-1,1,0,0,0,0,0,0,0],[-1,0,0,1
,0,0,0,0,0,0],[-1,0,0,-1,0,1,0,0,0,0],[0,1,-1,0,1,0,0,0,0,0],[1,0,0,0,0,-1,1,0
,0,0],[0,-1,0,0,-1,0,0,1,0,0],[-1,0,0,1,0,0,-1,0,1,0],[-1,0,0,0,0,0,0,-1,0,1]]
,[[1,0,0,0],[0,1,0,0],[0,0,0,1],[-1,-1,1,-1]]],
0,
0,
0,
rec(CharacterParameters:=[[1,[[11],'0']],[1,[[10,1],'0']],[1,[[9,2],'0']],[1,[
[9,1,1],'0']],[1,[[8,3],'0']],[1,[[8,2,1],'0']],[1,[[7,4],'0']],[1,[[7,3,1],
'0']],[1,[[7,2,2],'0']],[1,[[7,2,1,1],'0']],[1,[[6,4,1],'0']],[1,[[6,3,2],'+']
],[1,[[6,3,2],'-']],[1,[[6,3,1,1],'0']],[1,[[6,2,2,1],'0']]]));

MBT("Alt(11)",5,
"(no info text)",
[1,2,1,4,3,1,4,3,5,3,1,2,1,1,3,1,1,6,1,1,4,2,4,2,7],
[2,1,1,1,0,0,0],
[[1,3,6,8,10,18,19,24,28,30]],
[,[[1,2],[4,5],[2,3],[3,5]],[[1,2],[2,5],[3,4],[4,5]],[[1,2],[3,4],[2,5],[4,5]
]],
[[[1,0,0,0,0,0,0,0,0,0],[-1,1,0,0,0,0,0,0,0,0],[1,-1,0,1,0,0,0,0,0,0],[-1,1,0,
-1,0,1,0,0,0,0],[1,-1,1,0,0,0,0,0,0,0],[-2,1,-1,-1,1,0,0,0,0,0],[1,-1,1,0,0,-1
,1,-1,0,0],[1,0,0,1,-1,0,0,1,0,0],[0,0,0,0,0,0,0,0,0,1],[-1,0,-1,0,1,0,-1,0,1,
-1]]],
0,
0,
0,
rec(CharacterParameters:=[[1,[[11],'0']],[1,[[10,1],'0']],[1,[[9,2],'0']],[1,[
[9,1,1],'0']],[1,[[8,3],'0']],[1,[[8,2,1],'0']],[1,[[8,1,1,1],'0']],[1,[[7,4],
'0']],[1,[[7,3,1],'0']],[1,[[7,2,2],'0']],[1,[[7,2,1,1],'0']],[1,[[7,1,1,1,1],
'0']],[1,[[6,5],'0']],[1,[[6,4,1],'0']],[1,[[6,3,2],'0']],[1,[[6,3,1,1],'+']],
[1,[[6,3,1,1],'-']],[1,[[6,2,2,1],'0']],[1,[[6,2,1,1,1],'+']],[1,[[6,2,1,1,1],
'-']],[1,[[5,5,1],'0']],[1,[[5,4,2],'0']],[1,[[5,4,1,1],'0']],[1,[[5,3,2,1],
'0']],[1,[[5,2,2,2],'0']]]));

MBT("Alt(11)",7,
"(no info text)",
[1,2,3,2,3,4,1,2,2,6,1,11,1,5,2,8,1,12,14,15,1,2,9,3,10,13,7],
[1,1,1,0,0,0,0,0,0,0,0,0,0,0,0],
[],
[[[1,2],[4,5],[5,6],[2,3],[6,7],[3,7]],[[1,2],[3,4],[2,6],[4,5],[5,7],[6,7]],[
[1,2],[2,3],[3..5]]],
[],
0,
0,
0,
rec(CharacterParameters:=[[1,[[11],'0']],[1,[[10,1],'0']],[1,[[9,2],'0']],[1,[
[9,1,1],'0']],[1,[[8,3],'0']],[1,[[8,2,1],'0']],[1,[[8,1,1,1],'0']],[1,[[7,4],
'0']],[1,[[7,3,1],'0']],[1,[[7,2,2],'0']],[1,[[7,2,1,1],'0']],[1,[[7,1,1,1,1],
'0']],[1,[[6,5],'0']],[1,[[6,4,1],'0']],[1,[[6,3,2],'0']],[1,[[6,3,1,1],'0']],
[1,[[6,2,2,1],'0']],[1,[[6,2,1,1,1],'0']],[1,[[6,1,1,1,1,1],'+']],[1,[[6,1,1,1
,1,1],'-']],[1,[[5,5,1],'0']],[1,[[5,4,2],'0']],[1,[[5,4,1,1],'0']],[1,[[5,3,3
],'0']],[1,[[5,3,2,1],'0']],[1,[[5,3,1,1,1],'0']],[1,[[4,4,3],'0']]]));

