MBT("Sym(10)",5,
"(no info text)",
[1,1,4,1,15,2,1,4,2,14,13,1,1,1,12,1,11,1,1,10,2,1,9,8,1,7,4,1,6,5,1,4,2,3],
[2,1,0,1,0,0,0,0,0,0,0,0,0,0,0],
[[1,2,6,7,10,13,15,17,20,23,24,25,27,29]],
[,[[4,5],[3,4],[2,3],[1,2]],,2],
[[[1,-1,1,1,-1,1,-1,1,-1,1,0,0,0,0],[-2,2,-2,-2,2,-2,1,-1,1,-1,-1,1,-1,1],[2,
-2,2,1,-1,1,-1,1,-1,0,1,-1,1,0],[-2,1,-1,-1,1,0,1,-1,0,0,-1,1,0,0],[1,-1,0,1,0
,0,-1,0,0,0,1,0,0,0],[1,-1,1,1,-1,1,0,0,0,0,0,0,0,0],[-2,2,-2,-1,1,-1,1,-1,1,0
,0,0,0,0],[2,-1,1,1,-1,0,-1,1,0,0,0,0,0,0],[-1,1,0,-1,0,0,1,0,0,0,0,0,0,0],[1,
-1,1,0,0,0,0,0,0,0,0,0,0,0],[-2,1,-1,-1,1,0,0,0,0,0,0,0,0,0],[1,-1,0,1,0,0,0,0
,0,0,0,0,0,0],[1,0,0,0,0,0,0,0,0,0,0,0,0,0],[-1,1,0,0,0,0,0,0,0,0,0,0,0,0]]],
0,
0,
0,
rec(CharacterParameters:=[[1,[10]],[1,[9,1]],[1,[8,2]],[1,[8,1,1]],[1,[7,3]],[
1,[7,2,1]],[1,[7,1,1,1]],[1,[6,4]],[1,[6,3,1]],[1,[6,2,2]],[1,[6,2,1,1]],[1,[6
,1,1,1,1]],[1,[5,5]],[1,[5,4,1]],[1,[5,3,2]],[1,[5,3,1,1]],[1,[5,2,2,1]],[1,[5
,2,1,1,1]],[1,[4,4,2]],[1,[4,4,1,1]],[1,[4,3,3]],[1,[4,3..1]],[1,[4,3,1,1,1]],
[1,[4,2,2,2]],[1,[4,2,2,1,1]],[1,[4,2,1,1,1,1]],[1,[3,3,3,1]],[1,[3,3,2,2]],[1
,[3,3,2,1,1]],[1,[3,3,1,1,1,1]],[1,[3,2,2,2,1]],[1,[3,2,2,1,1,1]],[1,[2,2,2,2,
1,1]],[1,[2,2,2,1,1,1,1]]]));

MBT("Sym(10)",2,
"(no info text)",
[1,1,1,1,2,1,1,2,1,3],
[8,3,0],
[[1,2,3,4,5,9,12],[8,10]],
[],
[[[1,0,0,0,0,0,0],[-1,1,0,0,0,0,0],[0,-1,1,0,0,0,0],[-1,1,-1,1,0,0,0],[1,0,0,
-1,1,0,0],[-1,1,-1,0,-1,1,0],[-1,-1,0,1,0,-1,1]],[[1,0],[-1,1]]],
0,
0,
0,
rec(CharacterParameters:=[[1,[10]],[1,[9,1]],[1,[8,2]],[1,[7,3]],[1,[7,2,1]],[
1,[6,4]],[1,[6,3,1]],[1,[5,4,1]],[1,[5,3,2]],[1,[4,3..1]]]));

MBT("Sym(10)",3,
"(no info text)",
[1,3,1,2,1,1,3,2,3,1,1,2,2,5,1,3,1,1,1,4,2,3],
[4,2,2,0,0],
[[1,3,4,6,8,14,16,18,19,20],[2,5,11,13,28],[7,9,10,12,23]],
[],
[[[-1,1,-1,1,0,0,0,0,0,0],[1,-1,0,-1,1,0,-1,1,0,0],[-1,1,0,2,-1,-1,1,-1,-1,1],
[1,0,1,-1,-1,1,0,0,0,0],[1,-2,0,-1,1,0,-1,0,1,0],[1,0,0,0,0,0,0,0,0,0],[-1,1,0
,0,-1,0,1,0,0,0],[-1,1,0,0,0,0,0,0,0,0],[-1,0,-1,0,1,0,0,0,0,0],[1,-1,1,0,0,0,
0,0,0,0]],[[1,0,-1,1,0],[-1,1,0,-1,1],[1,0,0,0,0],[-1,-1,1,0,0],[0,1,0,0,0]],[
[1,-1,1,0,0],[0,0,1,-1,1],[-1,0,-1,1,0],[1,0,0,0,0],[-1,1,0,0,0]]],
0,
0,
0,
rec(CharacterParameters:=[[1,[10]],[1,[9,1]],[1,[8,2]],[1,[8,1,1]],[1,[7,3]],[
1,[7,2,1]],[1,[6,4]],[1,[6,3,1]],[1,[6,2,2]],[1,[6,2,1,1]],[1,[5,5]],[1,[5,4,1
]],[1,[5,3,2]],[1,[5,3,1,1]],[1,[5,2,2,1]],[1,[4,4,2]],[1,[4,4,1,1]],[1,[4,3,3
]],[1,[4,3..1]],[1,[4,2,2,1,1]],[1,[3,3,2,2]],[1,[3,3,2,1,1]]]));

MBT("Sym(10)",7,
"(no info text)",
[5,2,24,1,2,1,23,5,22,1,21,20,19,5,2,18,17,16,15,14,5,13,2,12,1,11,10,9,8,7,2,
5,1,6,5,4,1,2,3],
[1,1,0,0,1,0,0,0,0,0,0,0,0,0,0,0,0,0,0,0,0,0,0,0],
[],
[[[6,7],[5,6],[4,5],[3,4],[2,3],[1,2]],1,,,1],
[],
0,
0,
0,
rec(CharacterParameters:=[[1,[10]],[1,[9,1]],[1,[8,2]],[1,[8,1,1]],[1,[7,3]],[
1,[7,2,1]],[1,[7,1,1,1]],[1,[6,4]],[1,[6,3,1]],[1,[6,2,2]],[1,[6,2,1,1]],[1,[6
,1,1,1,1]],[1,[5,5]],[1,[5,4,1]],[1,[5,3,2]],[1,[5,3,1,1]],[1,[5,2,2,1]],[1,[5
,2,1,1,1]],[1,[5,1,1,1,1,1]],[1,[4,4,2]],[1,[4,4,1,1]],[1,[4,3,3]],[1,[4,3..1]
],[1,[4,3,1,1,1]],[1,[4,2,2,2]],[1,[4,2,2,1,1]],[1,[4,2,1,1,1,1]],[1,[4,1,1,1,
1,1,1]],[1,[3,3,3,1]],[1,[3,3,2,2]],[1,[3,3,2,1,1]],[1,[3,3,1,1,1,1]],[1,[3,2,
2,2,1]],[1,[3,2,2,1,1,1]],[1,[3,2,1,1,1,1,1]],[1,[2,2,2,2,2]],[1,[2,2,2,2,1,1]
],[1,[2,2,2,1,1,1,1]],[1,[2,2,1,1,1,1,1,1]]]));

