MBT("Sym(16)",2,
"(no info text)",
[1,1,1,1,2,1,1,1,2,1,1,1,1,3,1,2,1,2,1,1,1,1,3,1,2,1,1,1,2,3,1,2],
[15,8,4],
[[1,2,3,4,5,6,7,8,12,14,16,18,19,20,21,25,28,40,42,44,45,57],[11,13,15,24,26,
56,86],[39,41,48]],
[],
[[[1,0,0,0,0,0,0,0,0,0,0,0,0,0,0,0,0,0,0,0,0,0],[-1,1,0,0,0,0,0,0,0,0,0,0,0,0,
0,0,0,0,0,0,0,0],[1,-1,1,0,0,0,0,0,0,0,0,0,0,0,0,0,0,0,0,0,0,0],[0,0,-1,1,0,0,
0,0,0,0,0,0,0,0,0,0,0,0,0,0,0,0],[1,-1,1,-1,1,0,0,0,0,0,0,0,0,0,0,0,0,0,0,0,0,
0],[-3,1,-1,0,-1,0,0,0,1,0,0,0,0,0,0,0,0,0,0,0,0,0],[0,0,0,0,-1,1,0,0,0,0,0,0,
0,0,0,0,0,0,0,0,0,0],[2,-2,1,0,1,-1,0,0,-1,0,0,1,0,0,0,0,0,0,0,0,0,0],[0,0,0,
-1,1,-1,1,0,0,0,0,0,0,0,0,0,0,0,0,0,0,0],[0,0,0,1,0,0,-1,0,-1,1,0,0,0,0,0,0,0,
0,0,0,0,0],[-4,2,-2,0,-1,1,0,0,1,-1,0,-1,1,0,0,0,0,0,0,0,0,0],[0,0,-1,1,0,0,-1
,1,0,0,0,0,0,0,0,0,0,0,0,0,0,0],[0,0,0,1,0,1,-1,0,-1,0,0,1,-1,1,0,0,0,0,0,0,0,
0],[6,-6,3,-3,2,-3,0,-1,0,1,0,0,-1,-1,0,0,0,1,0,0,0,0],[-2,0,0,-1,0,0,1,-1,1,
-1,1,0,0,0,0,0,0,0,0,0,0,0],[2,0,0,1,-1,0,-1,1,0,1,-1,0,0,-1,1,0,0,0,0,0,0,0],
[4,-2,2,0,2,-1,0,0,-2,1,0,1,-1,0,-1,1,0,0,0,0,0,0],[-1,1,0,1,-1,0,1,-1,-1,0,0,
1,0,1,0,-1,0,-1,0,1,0,0],[-2,2,1,0,2,0,2,-2,-1,-1,1,1,0,2,-2,0,0,-1,1,0,0,0],[
-3,1,0,-1,0,1,1,-1,1,-1,0,-1,0,1,0,-1,1,0,0,0,0,0],[3,-3,1,-2,-1,-1,-1,1,1,1,0
,-1,0,-2,1,1,-1,1,-1,-1,1,0],[-9,5,-5,3,-1,2,0,-1,-2,-1,0,1,0,3,-1,-1,1,-1,1,1
,-2,1]],[[1,0,0,0,0,0,0],[0,1,0,0,0,0,0],[-1,0,1,0,0,0,0],[-1,0,-1,1,0,0,0],[1
,0,0,-1,1,0,0],[0,-1,0,0,0,1,0],[-2,-1,0,0,-1,-1,1]],[[1,0,0],[0,1,0],[-1..1]]
],
0,
0,
0,
rec(CharacterParameters:=[[1,[16]],[1,[15,1]],[1,[14,2]],[1,[13,3]],[1,[13,2,1
]],[1,[12,4]],[1,[12,3,1]],[1,[11,5]],[1,[11,4,1]],[1,[11,3,2]],[1,[10,6]],[1,
[10,5,1]],[1,[10,4,2]],[1,[10,3,2,1]],[1,[9,7]],[1,[9,6,1]],[1,[9,5,2]],[1,[9,
4,3]],[1,[9,4,2,1]],[1,[8,7,1]],[1,[8,6,2]],[1,[8,5,3]],[1,[8,5,2,1]],[1,[8,4,
3,1]],[1,[7,6,3]],[1,[7,6,2,1]],[1,[7,5,4]],[1,[7,5..1]],[1,[7,4,3,2]],[1,[6,5
,4,1]],[1,[6,5,3,2]],[1,[6,4,3,2,1]]]));

MBT("Sym(16)",3,
"(no info text)",
[1,3,1,2,1,1,3,2,3,1,1,2,2,6,1,1,1,3,1,1,1,4,3,2,3,1,3,3,1,2,3,1,2,2,6,1,1,2,1
,2,3,6,1,2,3,1,1,1,1,8,1,4,1,1,4,3,1,2,2,1,2,3,3,1,1,4,3,2,3,3,3,7,1,2,6,1,1,1
,2,2,2,3,1,2,6,4,3,1,5],
[6,5,5,2,0,2,0,0],
[[1,3,4,6,7,9,11,14,23,25,26,28,32,34,35,37,38,39,41,42,43,44,46,47,48,53,56,
57,62,76,80,85,87,96,97,129],[2,5,8,17,19,20,22,24,30,40,61,72,73,75,79,83,84,
86,90,124],[10,12,13,15,16,18,21,27,29,51,52,54,58,63,82,88,117,119,120,121],[
33,36,55,59,128],,[71,74,77,78,100]],
[],
[[[-1,1,-1,1,-1,1,0,0,0,0,0,0,0,0,0,0,0,0,0,0,0,0,0,0,0,0,0,0,0,0,0,0,0,0,0,0]
,[1,-1,0,-1,1,-1,1,0,0,0,0,0,-1,1,-1,1,0,0,0,0,0,0,0,0,0,0,0,0,0,0,0,0,0,0,0,0
],[-1,1,0,2,-2,2,-1,0,-1,1,-1,0,1,-1,1,-1,-1,1,-1,1,0,0,0,0,0,0,0,0,0,0,0,0,0,
0,0,0],[1,0,1,-1,1,-1,-1,0,1,-1,1,0,0,0,0,0,0,0,0,0,0,0,0,0,0,0,0,0,0,0,0,0,0,
0,0,0],[1,-3,0,-2,2,-2,2,0,0,0,0,0,-2,1,-1,1,2,-1,1,-1,1,-1,1,0,0,0,0,0,0,0,0,
0,0,0,0,0],[0,0,0,-1,0,-1,0,1,0,-1,1,0,0,0,-1,1,1,-1,1,-1,1,0,0,1,-1,0,-1,1,0,
0,0,0,0,0,0,0],[-1,3,0,2,-2,2,-3,0,0,0,0,0,3,-2,2,-2,-2,2,-1,1,-2,1,-1,-1,1,0,
0,0,0,0,0,0,0,0,0,0],[0,-1,1,0,1,0,0,-1,0,1,-1,0,0,0,1,0,0,0,-1,0,0,0,1,0,0,1,
0,-1,1,0,0,0,0,0,0,0],[0,0,-1,1,0,1,1,-1,1,1,0,-1,0,0,0,-1,0,0,0,1,-1,0,-1,-1,
1,-1,1,0,-1,1,-1,-1,1,0,0,0],[0,1,1,-1,-1,0,-1,1,-1,-1,0,1,1,-1,0,0,-1,1,0,0,0
,1,0,0,-1,0,0,0,0,-1,1,0,0,0,0,0],[-1,0,-1,0,-1,1,1,1,-1,0,-1,1,0,0,0,0,0,0,0,
0,0,0,0,0,0,0,0,0,0,0,0,0,0,0,0,0],[2,-3,1,-2,3,-3,2,-1,1,0,1,-1,-2,2,-1,1,2,
-2,1,-1,1,-1,0,1,0,0,0,0,0,0,0,0,0,0,0,0],[1,-1,0,-1,0,-1,0,1,-1,-1,0,0,0,0,-1
,0,0,0,1,0,1,0,0,0,0,0,-1,1,0,-1,0,1,-1,-1,1,0],[-1,3,0,2,-1,1,-2,0,0,0,0,0,2,
-1,1,0,-2,1,-1,0,-1,1,0,0,0,0,0,0,0,0,0,0,0,0,0,0],[1,0,0,0,0,0,0,0,0,0,0,0,0,
0,0,0,0,0,0,0,0,0,0,0,0,0,0,0,0,0,0,0,0,0,0,0],[1,-1,1,0,1,-1,0,-1,0,1,0,-1,-1
,1,0,0,0,0,0,0,0,-1,0,0,0,0,1,0,0,0,0,0,0,0,-1,1],[-1,1,0,1,0,1,-1,-1,1,1,-1,0
,1,-1,2,-1,-1,1,-1,1,-2,0,0,-1,1,0,1,-1,0,1,0,-1,0,1,0,0],[1,-2,0,-1,1,0,2,0,0
,0,0,0,-2,1,-1,0,1,-1,0,0,1,0,0,0,0,0,0,0,0,0,0,0,0,0,0,0],[-2,2,0,1,-2,2,-2,1
,0,0,-1,1,2,-2,1,-2,-1,1,0,1,-1,0,0,-1,0,-1,1,0,0,0,0,0,0,0,0,0],[-1,1,0,0,0,0
,0,0,0,0,0,0,0,0,0,0,0,0,0,0,0,0,0,0,0,0,0,0,0,0,0,0,0,0,0,0],[-1,0,-1,0,0,0,1
,0,0,0,0,0,0,0,0,0,0,0,0,0,0,0,0,0,0,0,0,0,0,0,0,0,0,0,0,0],[1,-1,1,0,0,0,0,0,
0,0,0,0,0,0,0,0,0,0,0,0,0,0,0,0,0,0,0,0,0,0,0,0,0,0,0,0],[1,0,1,0,1,0,-1,-1,1,
0,0,0,0,0,0,0,0,0,0,0,0,0,0,0,0,0,0,0,0,0,0,0,0,0,0,0],[-2,2,-1,0,-2,1,-1,2,-2
,-1,0,1,1,-1,0,0,-1,1,0,0,0,1,0,0,0,0,-1,0,0,-1,0,1,0,0,0,0],[-2,2,-1,1,-2,0,
-1,1,-1,0,0,0,1,-1,0,0,-1,1,0,0,0,0,0,0,0,0,0,0,0,0,0,0,0,0,0,0],[2,-3,1,-1,2,
-1,1,-1,1,1,0,0,-1,1,0,0,1,-1,0,0,0,-1,0,0,0,0,0,0,0,1,0,0,0,0,0,0],[2,-2,1,-1
,3,-2,1,-2,1,0,1,-1,-1,1,0,1,1,-1,0,-1,0,0,0,0,0,1,0,0,0,0,0,0,0,0,0,0],[-1,1,
0,0,0,0,-1,0,0,0,0,0,1,0,0,0,0,0,0,0,0,0,0,0,0,0,0,0,0,0,0,0,0,0,0,0],[1,-2,0,
-1,0,0,1,0,0,0,0,0,-1,0,0,0,1,0,0,0,0,0,0,0,0,0,0,0,0,0,0,0,0,0,0,0],[0,0,-1,1
,0,0,0,0,0,0,0,0,0,0,0,0,0,0,0,0,0,0,0,0,0,0,0,0,0,0,0,0,0,0,0,0],[1,-2,1,-3,2
,-1,1,0,1,-1,0,0,-1,1,-1,0,1,-1,1,0,0,0,0,0,0,0,0,0,0,0,0,0,0,0,0,0],[0,-1,0,0
,1,0,1,-1,0,0,0,0,-1,1,0,0,0,0,0,0,0,0,0,0,0,0,0,0,0,0,0,0,0,0,0,0],[0,-1,1,-1
,1,0,0,0,0,0,0,0,0,0,0,0,0,0,0,0,0,0,0,0,0,0,0,0,0,0,0,0,0,0,0,0],[0,1,0,0,-1,
0,-1,1,0,0,0,0,0,0,0,0,0,0,0,0,0,0,0,0,0,0,0,0,0,0,0,0,0,0,0,0],[-1,1,0,1,-1,0
,-1,0,0,0,0,0,1,-1,1,0,0,0,0,0,0,0,0,0,0,0,0,0,0,0,0,0,0,0,0,0],[-1,0,0,0,-1,0
,1,0,-1,1,0,0,0,0,0,0,0,0,0,0,0,0,0,0,0,0,0,0,0,0,0,0,0,0,0,0]],[[1,0,0,-1,1,
-1,1,0,0,0,0,0,0,0,0,0,0,0,0,0],[-1,1,0,0,-1,1,-1,0,0,0,0,1,-1,1,0,0,0,0,0,0],
[0,0,0,1,0,0,1,1,-1,-1,0,0,1,-1,0,-1,1,0,0,0],[-1,-1,0,1,0,1,-1,-1,1,0,0,0,0,0
,0,0,0,0,0,0],[-1,0,0,0,-1,0,-1,0,0,1,0,0,-1,1,0,1,0,-1,1,0],[1,0,-1,0,0,-1,1,
0,-1,1,0,-1,0,-1,1,0,0,0,0,0],[1,0,0,0,0,0,0,0,0,0,0,0,0,0,0,0,0,0,0,0],[-1,0,
-1,0,0,1,0,-1,-1,0,1,0,0,0,0,0,0,0,-1,1],[1,1,1,-1,0,-1,0,1,0,0,0,0,0,0,0,0,0,
0,0,0],[-1,-1,1,0,0,1,-1,-1,2,0,-1,0,0,1,-1,0,-1,1,0,0],[0,1,0,0,0,0,0,1,-1,-1
,1,0,0,0,0,0,0,0,0,0],[-2,0,-1,1,-2,1,-1,-1,0,1,0,0,-1,0,0,1,0,0,0,0],[-1,-1,0
,1,0,0,0,0,0,0,0,0,0,0,0,0,0,0,0,0],[0,1,0,0,0,0,0,0,0,0,0,0,0,0,0,0,0,0,0,0],
[-1,0,-1,0,0,1,0,0,0,-1,0,1,0,0,0,0,0,0,0,0],[0,-1,1,0,1,-1,0,0,0,0,0,-1,1,0,0
,0,0,0,0,0],[0,0,0,-1,1,0,0,0,0,0,0,0,0,0,0,0,0,0,0,0],[-1,0,1,0,0,0,0,0,0,0,0
,0,0,0,0,0,0,0,0,0],[1,0,-1,-1,0,0,0,-1,0,1,0,0,0,0,0,0,0,0,0,0],[-1,0,-1,1,-1
,1,0,0,0,0,0,0,0,0,0,0,0,0,0,0]],[[1,-1,1,-1,1,0,0,0,0,0,0,0,0,0,0,0,0,0,0,0],
[0,0,1,-1,1,-1,0,1,-1,1,-1,1,0,0,0,0,0,0,0,0],[-1,0,-1,1,-1,1,0,-1,1,0,0,0,0,0
,0,0,0,0,0,0],[0,1,-1,1,-1,0,0,1,0,-1,0,-1,0,0,1,0,-1,1,0,0],[-1,1,-1,1,0,0,-1
,1,0,0,0,1,-1,1,0,0,0,0,0,0],[-1,0,0,-1,0,0,1,-1,-2,1,0,1,1,0,-1,-1,1,-1,-1,1]
,[1,0,1,0,1,-1,-1,1,0,0,0,0,0,0,0,0,0,0,0,0],[1,0,0,-1,0,0,1,-1,0,0,1,-1,0,-1,
-1,1,0,0,0,0],[-1,1,-1,1,-2,1,1,-1,0,-1,0,-1,1,0,0,0,0,0,0,0],[0,0,-1,2,0,0,-1
,1,1,-1,0,0,-1,0,1,0,-1,0,1,0],[1,0,0,0,0,0,0,0,0,0,0,0,0,0,0,0,0,0,0,0],[-2,1
,-1,0,-1,0,1,-1,0,1,0,0,0,0,-1,0,1,0,0,0],[-1,1,0,0,0,0,0,0,0,0,0,0,0,0,0,0,0,
0,0,0],[-1,0,-1,0,0,1,0,0,0,0,0,0,0,0,0,0,0,0,0,0],[0,-1,1,0,0,0,0,0,0,0,0,0,0
,0,0,0,0,0,0,0],[1,-1,1,-1,0,-1,0,0,0,1,0,0,0,0,0,0,0,0,0,0],[0,0,1,0,0,-1,0,1
,0,0,-1,0,0,0,1,0,0,0,0,0],[-1,1,-2,1,-1,1,0,-1,0,-1,1,0,0,0,0,0,0,0,0,0],[-1,
1,-1,1,0,0,0,0,0,0,0,0,0,0,0,0,0,0,0,0],[-1,1,-1,0,-1,0,1,0,0,0,0,0,0,0,0,0,0,
0,0,0]],[[1,0,-1,1,0],[0,1,-1,0,1],[-1,-1,1,0,0],[1,0,0,0,0],[0,1,0,0,0]],,4],
0,
0,
0,
rec(CharacterParameters:=[[1,[16]],[1,[15,1]],[1,[14,2]],[1,[14,1,1]],[1,[13,3
]],[1,[13,2,1]],[1,[12,4]],[1,[12,3,1]],[1,[12,2,2]],[1,[12,2,1,1]],[1,[11,5]]
,[1,[11,4,1]],[1,[11,3,2]],[1,[11,3,1,1]],[1,[11,2,2,1]],[1,[10,6]],[1,[10,5,1
]],[1,[10,4,2]],[1,[10,4,1,1]],[1,[10,3,3]],[1,[10,3,2,1]],[1,[10,2,2,1,1]],[1
,[9,7]],[1,[9,6,1]],[1,[9,5,2]],[1,[9,5,1,1]],[1,[9,4,3]],[1,[9,4,2,1]],[1,[9,
3,3,1]],[1,[9,3,2,2]],[1,[9,3,2,1,1]],[1,[8,8]],[1,[8,7,1]],[1,[8,6,2]],[1,[8,
6,1,1]],[1,[8,5,3]],[1,[8,5,2,1]],[1,[8,4,4]],[1,[8,4,3,1]],[1,[8,4,2,2]],[1,[
8,4,2,1,1]],[1,[8,3,3,2]],[1,[8,3,3,1,1]],[1,[8,3,2,2,1]],[1,[7,7,2]],[1,[7,7,
1,1]],[1,[7,6,3]],[1,[7,6,2,1]],[1,[7,5,4]],[1,[7,5..1]],[1,[7,5,2,2]],[1,[7,5
,2,1,1]],[1,[7,4,4,1]],[1,[7,4,3,2]],[1,[7,4,3,1,1]],[1,[7,4,2,2,1]],[1,[7,3,3
,2,1]],[1,[7,3,2,2,1,1]],[1,[6,6,4]],[1,[6,6,3,1]],[1,[6,6,2,2]],[1,[6,6,2,1,1
]],[1,[6,5,5]],[1,[6,5,4,1]],[1,[6,5,3,2]],[1,[6,5,3,1,1]],[1,[6,5,2,2,1]],[1,
[6,4,4,2]],[1,[6,4,4,1,1]],[1,[6,4,3,3]],[1,[6,4,3,2,1]],[1,[6,4,2,2,1,1]],[1,
[6,3,3,2,2]],[1,[6,3,3,2,1,1]],[1,[5,5,4,2]],[1,[5,5,4,1,1]],[1,[5,5,3,3]],[1,
[5,5,3,2,1]],[1,[5,5,2,2,1,1]],[1,[5,4,4,3]],[1,[5,4,4,2,1]],[1,[5,4,3,3,1]],[
1,[5,4,3,2,2]],[1,[5,4,3,2,1,1]],[1,[5,3,3,2,2,1]],[1,[4,4,3,3,2]],[1,[4,4,3,3
,1,1]],[1,[4,4,3,2,2,1]],[1,[4,3,3,2,2,1,1]]]));

MBT("Sym(16)",5,
"(no info text)",
[1,13,1,7,6,1,4,6,23,3,1,2,1,1,3,1,17,1,13,7,13,4,3,13,2,14,13,1,1,7,7,29,1,4,
11,1,7,2,9,7,1,6,1,13,4,1,4,11,6,28,4,27,26,1,6,2,6,4,1,5,3,1,3,13,2,23,1,7,2,
9,6,1,6,2,6,3,23,25,2,23,24,1,3,3,17,14,13,1,1,1,22,1,7,1,1,6,17,1,21,4,1,5,3,
1,20,19,1,3,17,18,4,7,2,14,7,1,16,7,13,13,2,6,13,4,1,5,4,13,13,3,1,3,2,13,15,
14,1,2,11,9,6,4,1,12,1,11,4,7,7,1,3,9,1,10,2,7,8,6,5,3,6,1,2,4],
[3,2,2,2,1,2,2,0,1,0,1,0,2,1,0,0,1,0,0,0,0,0,1,0,0,0,0,0,0],
[[1,3,6,8,11,13,16,24,25,30,32,33,37,43,45,48,55,56,58,64,66,78,86,96,103,107,
108,111,114,116,118,121,124,125,126,128,130,153,158,182],[2,7,19,21,39,42,63,
71,75,90,99,145,151,156],[4,5,9,27,47,76,77,79,109,110,115,136,148,162],[10,14
,15,20,51,53,59,81,84,87,101,119,177,181],,[17,18,22,23,26,29,60,89,123,149,
150,152,154,179],[31,34,36,40,41,49,52,92,94,97,100,127,157,199],,,,,,[65,67,
70,72,74,80,82,83,88,91,93,133,161,184]],
[,,,,[[4,5],[3,4],[2,3],[1,2]],,,,5,,5,,,5,,,5,,,,,,5],
[[[-1,1,-1,1,-1,1,-1,-1,1,-1,1,-1,1,1,-1,1,-1,1,-1,1,0,0,0,0,0,0,0,0,0,0,0,0,0
,0,0,0,0,0,0,0],[1,-2,1,-2,2,-1,2,2,-2,2,-1,0,-1,-1,1,-1,1,-1,1,-1,1,0,0,0,-1,
1,1,-1,1,-1,1,-1,1,0,0,0,0,0,0,0],[-1,3,-1,3,-2,0,-2,-2,2,-2,2,0,2,2,-2,2,-1,1
,-1,1,-2,0,0,0,2,-2,-2,2,-2,1,-1,1,-1,-1,1,-1,1,0,0,0],[1,-2,0,-2,2,0,2,1,-1,1
,-2,0,-2,-1,1,-1,1,-1,1,0,2,0,0,0,-2,2,1,-1,1,-1,1,-1,0,1,-1,1,0,0,0,0],[-1,1,
-1,1,-1,1,-1,-1,1,-1,0,0,1,0,-1,1,0,1,-1,1,0,0,0,-1,0,0,0,0,0,0,0,0,0,0,0,1,0,
0,-1,1],[2,-3,2,-3,2,-1,3,2,-3,3,-2,1,-3,-2,3,-3,1,-1,2,-2,1,0,-1,1,-1,1,1,-1,
1,-1,1,0,1,1,-1,0,-1,-1,1,0],[-2,2,-1,3,-2,1,-3,-1,1,-2,2,-1,3,1,-1,2,-1,1,-2,
0,-1,-1,1,-1,1,-1,-1,1,0,1,-1,0,0,-1,1,0,0,0,0,0],[1,0,1,-1,0,-1,1,0,0,1,0,1,
-1,0,0,-1,0,0,1,0,-1,1,-1,1,0,0,0,0,0,0,0,0,0,0,0,0,0,0,0,0],[1,-2,0,-1,2,0,1,
1,-1,0,-2,0,-1,-1,1,0,1,-1,0,0,1,0,0,0,-1,0,1,0,0,-1,0,0,0,1,0,0,0,0,0,0],[1,
-1,1,-1,1,-1,1,1,-1,1,0,0,0,0,0,0,0,0,0,0,0,0,0,0,0,0,0,0,0,0,0,0,0,0,0,0,0,0,
0,0],[-2,3,-2,3,-2,1,-3,-2,3,-3,1,0,1,1,-1,1,-1,0,-1,1,-1,0,1,0,1,-1,-1,1,-1,1
,-1,0,-1,0,0,0,0,1,0,0],[2,-2,1,-3,2,-1,3,1,-1,2,-1,0,-1,-1,0,-1,1,0,1,0,1,1,
-1,0,-1,1,1,-1,0,-1,1,0,0,0,0,0,0,0,0,0],[-1,2,0,1,-2,0,-1,-1,1,0,1,0,0,1,0,0,
-1,0,0,0,-1,0,0,0,1,0,-1,0,0,1,0,0,0,0,0,0,0,0,0,0],[-2,2,-2,2,-1,1,-1,-1,1,-1
,1,-1,1,1,-1,1,0,0,0,0,0,0,0,0,0,0,0,0,0,0,0,0,0,0,0,0,0,0,0,0],[2,-3,2,-3,1,0
,1,1,-1,1,-1,0,-1,-1,1,-1,0,0,0,0,1,0,0,0,-1,1,1,-1,1,0,0,0,0,0,0,0,0,0,0,0],[
-2,2,-1,3,-1,0,-1,-1,0,-1,1,0,1,1,0,1,0,0,0,0,-1,-1,0,0,1,-1,-1,1,0,0,0,0,0,0,
0,0,0,0,0,0],[1,-2,0,-1,1,0,0,1,0,0,-1,0,0,-1,0,0,0,0,0,0,1,0,0,0,-1,0,1,0,0,0
,0,0,0,0,0,0,0,0,0,0],[3,-2,2,-2,2,-2,2,1,-1,1,-2,2,-2,-1,1,-1,1,-1,1,0,0,0,0,
0,0,0,0,0,0,0,0,0,0,0,0,0,0,0,0,0],[-4,4,-2,4,-4,2,-4,-2,2,-2,2,0,2,1,-1,1,-1,
1,-1,0,-2,0,0,0,2,-2,-1,1,-1,1,-1,1,0,0,0,0,0,0,0,0],[2,-1,0,-1,1,0,1,0,0,0,-1
,0,-1,0,0,0,0,0,0,0,1,0,0,0,-1,1,0,0,0,0,0,0,0,0,0,0,0,0,0,0],[-1,1,0,0,-1,0,0
,0,0,0,1,0,0,0,0,0,0,0,0,0,-1,0,0,0,1,0,0,0,0,0,0,0,0,0,0,0,0,0,0,0],[-2,2,-1,
1,-2,1,-1,-1,1,0,2,-1,1,1,-1,0,-1,1,0,0,0,0,0,0,0,0,0,0,0,0,0,0,0,0,0,0,0,0,0,
0],[-1,1,-1,1,0,0,0,0,0,0,0,0,0,0,0,0,0,0,0,0,0,0,0,0,0,0,0,0,0,0,0,0,0,0,0,0,
0,0,0,0],[2,-1,1,-1,1,-1,1,0,0,0,0,0,0,0,0,0,0,0,0,0,0,0,0,0,0,0,0,0,0,0,0,0,0
,0,0,0,0,0,0,0],[-4,2,-3,3,-2,3,-3,-1,1,-2,1,-2,1,1,0,1,-1,0,-1,0,1,-1,1,0,0,0
,0,0,0,0,0,0,0,0,0,0,0,0,0,0],[2,-2,1,-1,2,-1,1,1,-1,0,-1,1,0,-1,0,0,1,0,0,0,0
,0,0,0,0,0,0,0,0,0,0,0,0,0,0,0,0,0,0,0],[-3,1,-1,1,-1,1,-1,0,0,0,1,-1,1,0,0,0,
0,0,0,0,0,0,0,0,0,0,0,0,0,0,0,0,0,0,0,0,0,0,0,0],[4,-2,3,-3,1,-2,1,1,0,1,-1,2,
-1,-1,0,-1,0,0,0,0,-1,1,0,0,0,0,0,0,0,0,0,0,0,0,0,0,0,0,0,0],[-2,2,-1,1,-1,1,0
,-1,0,0,1,-1,0,1,0,0,0,0,0,0,0,0,0,0,0,0,0,0,0,0,0,0,0,0,0,0,0,0,0,0],[-1,0,-1
,0,0,1,0,0,0,0,0,-1,0,0,0,0,0,0,0,0,1,0,0,0,0,0,0,0,0,0,0,0,0,0,0,0,0,0,0,0],[
2,-1,1,0,1,-1,0,0,0,0,-1,1,0,0,0,0,0,0,0,0,0,0,0,0,0,0,0,0,0,0,0,0,0,0,0,0,0,0
,0,0],[-2,2,-1,1,-2,1,-1,-1,1,0,0,0,0,0,0,0,0,0,0,0,0,0,0,0,0,0,0,0,0,0,0,0,0,
0,0,0,0,0,0,0],[4,-4,2,-2,2,-1,1,1,-1,0,-2,1,-1,-1,1,0,0,0,0,0,0,0,0,0,0,0,0,0
,0,0,0,0,0,0,0,0,0,0,0,0],[-1,1,0,0,-1,0,0,0,0,0,1,0,0,0,0,0,0,0,0,0,0,0,0,0,0
,0,0,0,0,0,0,0,0,0,0,0,0,0,0,0],[1,0,0,0,0,0,0,0,0,0,0,0,0,0,0,0,0,0,0,0,0,0,0
,0,0,0,0,0,0,0,0,0,0,0,0,0,0,0,0,0],[-1,1,0,0,0,0,0,0,0,0,0,0,0,0,0,0,0,0,0,0,
0,0,0,0,0,0,0,0,0,0,0,0,0,0,0,0,0,0,0,0],[2,-2,1,-1,1,-1,0,1,0,0,0,0,0,0,0,0,0
,0,0,0,0,0,0,0,0,0,0,0,0,0,0,0,0,0,0,0,0,0,0,0],[1,-1,0,0,1,0,0,0,0,0,0,0,0,0,
0,0,0,0,0,0,0,0,0,0,0,0,0,0,0,0,0,0,0,0,0,0,0,0,0,0],[-2,1,-1,0,-1,1,0,0,0,0,0
,0,0,0,0,0,0,0,0,0,0,0,0,0,0,0,0,0,0,0,0,0,0,0,0,0,0,0,0,0],[1,-1,1,0,0,0,0,0,
0,0,0,0,0,0,0,0,0,0,0,0,0,0,0,0,0,0,0,0,0,0,0,0,0,0,0,0,0,0,0,0]],[[1,0,-1,1,1
,-1,1,-1,1,-1,1,0,0,0],[-1,1,1,-2,-1,2,-2,0,-1,1,-1,1,-1,1],[1,-1,-1,2,0,-1,1,
0,1,-1,0,-1,1,0],[-1,1,0,-1,0,1,0,0,-1,0,0,1,0,0],[1,0,-1,1,1,-1,1,0,0,0,0,0,0
,0],[-2,0,2,-2,-1,1,-1,1,-1,1,0,0,0,0],[2,0,-1,1,1,-1,0,-1,1,0,0,0,0,0],[-1,-1
,1,0,-1,0,0,1,0,0,0,0,0,0],[1,0,-1,1,0,0,0,0,0,0,0,0,0,0],[-2,0,1,-1,-1,1,0,0,
0,0,0,0,0,0],[1,1,-1,0,1,0,0,0,0,0,0,0,0,0],[1,0,0,0,0,0,0,0,0,0,0,0,0,0],[-1,
-1,1,0,0,0,0,0,0,0,0,0,0,0],[0,1,0,0,0,0,0,0,0,0,0,0,0,0]],[[1,-1,1,0,0,1,-1,1
,-1,1,-1,1,0,0],[-1,1,0,-1,1,-1,1,-2,0,0,1,-1,-1,1],[1,-1,0,1,-1,0,0,1,0,0,-1,
0,1,0],[1,-1,1,0,0,1,-1,1,0,0,0,0,0,0],[-2,2,-2,0,0,-1,1,-1,1,-1,1,0,0,0],[1,
-1,2,-1,1,1,-1,0,-1,1,0,0,0,0],[-1,0,-1,1,0,-1,0,0,1,0,0,0,0,0],[1,-1,1,0,0,0,
0,0,0,0,0,0,0,0],[-1,1,-2,1,-1,-1,1,0,0,0,0,0,0,0],[1,0,1,-1,0,1,0,0,0,0,0,0,0
,0],[0,0,1,-1,1,0,0,0,0,0,0,0,0,0],[-1,0,-1,1,0,0,0,0,0,0,0,0,0,0],[1,0,0,0,0,
0,0,0,0,0,0,0,0,0],[-1,1,0,0,0,0,0,0,0,0,0,0,0,0]],[[1,-1,1,0,1,-1,1,-1,1,-1,1
,0,0,0],[-1,1,0,-1,-1,2,-1,0,-1,0,-1,1,-1,1],[1,-1,0,1,0,-1,0,0,1,0,0,-1,1,0],
[1,-1,1,0,1,-1,1,0,0,0,0,0,0,0],[-2,2,-2,0,-1,1,-1,1,-1,1,0,0,0,0],[1,-1,2,-1,
1,0,1,-1,0,-1,0,1,0,0],[-1,0,-1,1,-1,0,0,1,0,0,0,0,0,0],[2,-1,1,0,1,-1,0,-1,1,
0,0,0,0,0],[1,-1,1,0,0,0,0,0,0,0,0,0,0,0],[-2,1,-1,0,-1,1,0,0,0,0,0,0,0,0],[1,
0,1,-1,1,0,0,0,0,0,0,0,0,0],[1,0,0,0,0,0,0,0,0,0,0,0,0,0],[-1,0,-1,1,0,0,0,0,0
,0,0,0,0,0],[-1,1,0,0,0,0,0,0,0,0,0,0,0,0]],,[[1,-1,1,1,-1,1,0,0,0,-1,1,-1,1,0
],[-1,1,0,-1,0,0,1,-1,1,0,0,0,-1,1],[1,-1,1,1,-1,1,0,0,0,0,0,0,0,0],[-1,1,-2,
-1,2,-2,-1,1,-1,1,-1,1,0,0],[1,-1,2,0,-1,1,1,-1,0,-1,1,0,0,0],[-1,0,-1,0,1,0,
-1,0,0,1,0,0,0,0],[0,0,1,0,-1,1,1,-1,1,0,0,0,0,0],[-1,1,-2,0,1,-1,-1,1,0,0,0,0
,0,0],[1,0,1,0,-1,0,1,0,0,0,0,0,0,0],[1,-1,1,0,0,0,0,0,0,0,0,0,0,0],[-2,1,-1,
-1,1,0,0,0,0,0,0,0,0,0],[1,-1,0,1,0,0,0,0,0,0,0,0,0,0],[1,0,0,0,0,0,0,0,0,0,0,
0,0,0],[-1,1,0,0,0,0,0,0,0,0,0,0,0,0]],[[1,-1,1,1,-1,1,0,-1,1,-1,1,0,0,0],[-1,
1,0,-1,0,0,1,0,-1,0,0,1,-1,1],[1,-1,1,1,-1,1,0,0,0,0,0,0,0,0],[-1,1,-2,-1,2,-2
,-1,1,0,1,-1,-1,1,0],[1,-1,2,0,-1,1,1,-1,0,-1,0,1,0,0],[-1,0,-1,0,1,0,-1,1,0,0
,0,0,0,0],[-2,2,-2,-1,1,-1,0,1,-1,1,0,0,0,0],[2,-1,1,1,-1,0,0,-1,1,0,0,0,0,0],
[1,-1,1,0,0,0,0,0,0,0,0,0,0,0],[-2,1,-1,-1,1,0,0,0,0,0,0,0,0,0],[1,0,1,0,-1,0,
1,0,0,0,0,0,0,0],[1,-1,0,1,0,0,0,0,0,0,0,0,0,0],[1,0,0,0,0,0,0,0,0,0,0,0,0,0],
[-1,1,0,0,0,0,0,0,0,0,0,0,0,0]],,,,,,[[1,-1,1,1,-1,1,-1,1,-1,1,0,0,0,0],[0,0,1
,0,-1,1,0,1,-1,1,-1,1,-1,1],[-1,1,-2,-1,2,-2,0,-1,1,-1,1,-1,1,0],[1,-1,2,0,-1,
1,0,1,-1,0,-1,1,0,0],[-1,0,-1,0,1,0,0,-1,0,0,1,0,0,0],[1,-1,1,1,-1,1,0,0,0,0,0
,0,0,0],[-2,2,-2,-1,1,-1,1,-1,1,0,0,0,0,0],[2,-1,1,1,-1,0,-1,1,0,0,0,0,0,0],[
-1,1,0,-1,0,0,1,0,0,0,0,0,0,0],[1,-1,1,0,0,0,0,0,0,0,0,0,0,0],[-2,1,-1,-1,1,0,
0,0,0,0,0,0,0,0],[1,-1,0,1,0,0,0,0,0,0,0,0,0,0],[1,0,0,0,0,0,0,0,0,0,0,0,0,0],
[-1,1,0,0,0,0,0,0,0,0,0,0,0,0]]],
0,
0,
0,
rec(CharacterParameters:=[[1,[16]],[1,[15,1]],[1,[14,2]],[1,[14,1,1]],[1,[13,3
]],[1,[13,2,1]],[1,[13,1,1,1]],[1,[12,4]],[1,[12,3,1]],[1,[12,2,2]],[1,[12,2,1
,1]],[1,[12,1,1,1,1]],[1,[11,5]],[1,[11,4,1]],[1,[11,3,2]],[1,[11,3,1,1]],[1,[
11,2,2,1]],[1,[11,2,1,1,1]],[1,[10,6]],[1,[10,5,1]],[1,[10,4,2]],[1,[10,4,1,1]
],[1,[10,3,3]],[1,[10,3,2,1]],[1,[10,3,1,1,1]],[1,[10,2,2,2]],[1,[10,2,2,1,1]]
,[1,[10,2,1,1,1,1]],[1,[9,7]],[1,[9,6,1]],[1,[9,5,2]],[1,[9,5,1,1]],[1,[9,4,3]
],[1,[9,4,2,1]],[1,[9,4,1,1,1]],[1,[9,3,3,1]],[1,[9,3,2,2]],[1,[9,3,2,1,1]],[1
,[9,3,1,1,1,1]],[1,[9,2,2,2,1]],[1,[9,2,2,1,1,1]],[1,[8,8]],[1,[8,7,1]],[1,[8,
6,2]],[1,[8,6,1,1]],[1,[8,5,3]],[1,[8,5,2,1]],[1,[8,5,1,1,1]],[1,[8,4,4]],[1,[
8,4,3,1]],[1,[8,4,2,2]],[1,[8,4,2,1,1]],[1,[8,4,1,1,1,1]],[1,[8,3,3,2]],[1,[8,
3,3,1,1]],[1,[8,3,2,2,1]],[1,[8,3,2,1,1,1]],[1,[8,2,2,2,2]],[1,[8,2,2,2,1,1]],
[1,[8,2,2,1,1,1,1]],[1,[7,7,2]],[1,[7,7,1,1]],[1,[7,6,3]],[1,[7,6,2,1]],[1,[7,
6,1,1,1]],[1,[7,5,4]],[1,[7,5..1]],[1,[7,5,2,2]],[1,[7,5,2,1,1]],[1,[7,5,1,1,1
,1]],[1,[7,4,4,1]],[1,[7,4,3,2]],[1,[7,4,3,1,1]],[1,[7,4,2,2,1]],[1,[7,4,2,1,1
,1]],[1,[7,3,3,3]],[1,[7,3,3,2,1]],[1,[7,3,3,1,1,1]],[1,[7,3,2,2,2]],[1,[7,3,2
,2,1,1]],[1,[7,3,2,1,1,1,1]],[1,[7,2,2,2,2,1]],[1,[7,2,2,2,1,1,1]],[1,[6,6,4]]
,[1,[6,6,3,1]],[1,[6,6,2,2]],[1,[6,6,2,1,1]],[1,[6,6,1,1,1,1]],[1,[6,5,5]],[1,
[6,5,4,1]],[1,[6,5,3,2]],[1,[6,5,3,1,1]],[1,[6,5,2,2,1]],[1,[6,5,2,1,1,1]],[1,
[6,4,4,2]],[1,[6,4,4,1,1]],[1,[6,4,3,3]],[1,[6,4,3,2,1]],[1,[6,4,3,1,1,1]],[1,
[6,4,2,2,2]],[1,[6,4,2,2,1,1]],[1,[6,4,2,1,1,1,1]],[1,[6,3,3,3,1]],[1,[6,3,3,2
,2]],[1,[6,3,3,2,1,1]],[1,[6,3,3,1,1,1,1]],[1,[6,3,2,2,2,1]],[1,[6,3,2,2,1,1,1
]],[1,[6,2,2,2,2,1,1]],[1,[6,2,2,2,1,1,1,1]],[1,[5,5,5,1]],[1,[5,5,4,2]],[1,[5
,5,4,1,1]],[1,[5,5,3,3]],[1,[5,5,3,2,1]],[1,[5,5,3,1,1,1]],[1,[5,5,2,2,2]],[1,
[5,5,2,2,1,1]],[1,[5,5,2,1,1,1,1]],[1,[5,4,4,3]],[1,[5,4,4,2,1]],[1,[5,4,4,1,1
,1]],[1,[5,4,3,3,1]],[1,[5,4,3,2,2]],[1,[5,4,3,2,1,1]],[1,[5,4,3,1,1,1,1]],[1,
[5,4,2,2,2,1]],[1,[5,4,2,2,1,1,1]],[1,[5,3,3,3,2]],[1,[5,3,3,3,1,1]],[1,[5,3,3
,2,2,1]],[1,[5,3,3,2,1,1,1]],[1,[5,3,2,2,2,2]],[1,[5,3,2,2,2,1,1]],[1,[5,3,2,2
,1,1,1,1]],[1,[5,2,2,2,2,1,1,1]],[1,[4,4,4,4]],[1,[4,4,4,3,1]],[1,[4,4,4,2,2]]
,[1,[4,4,4,2,1,1]],[1,[4,4,4,1,1,1,1]],[1,[4,4,3,3,2]],[1,[4,4,3,3,1,1]],[1,[4
,4,3,2,2,1]],[1,[4,4,3,2,1,1,1]],[1,[4,4,2,2,2,2]],[1,[4,4,2,2,2,1,1]],[1,[4,4
,2,2,1,1,1,1]],[1,[4,3,3,3,3]],[1,[4,3,3,3,2,1]],[1,[4,3,3,3,1,1,1]],[1,[4,3,3
,2,2,2]],[1,[4,3,3,2,2,1,1]],[1,[4,3,3,2,1,1,1,1]],[1,[4,3,2,2,2,2,1]],[1,[4,3
,2,2,2,1,1,1]],[1,[4,2,2,2,2,1,1,1,1]],[1,[3,3,3,3,2,2]],[1,[3,3,3,3,2,1,1]],[
1,[3,3,3,3,1,1,1,1]],[1,[3,3,3,2,2,2,1]],[1,[3,3,3,2,2,1,1,1]],[1,[3,3,2,2,2,2
,1,1]],[1,[3,3,2,2,2,1,1,1,1]]]));

MBT("Sym(16)",7,
"(no info text)",
[2,1,1,47,2,37,36,30,2,1,25,24,67,19,15,2,1,13,12,30,19,66,65,10,8,2,7,1,6,5,2
,2,15,2,10,8,2,64,63,62,2,3,1,2,1,37,1,25,61,1,13,10,60,7,1,6,59,58,3,1,2,57,
56,1,55,47,36,1,54,24,15,1,47,53,12,8,7,1,47,52,5,51,3,1,50,47,49,2,48,47,1,2,
25,36,24,46,19,2,37,13,45,12,44,43,2,7,37,6,36,42,5,41,3,40,37,2,36,39,2,38,36
,37,1,30,2,35,1,13,34,24,12,33,32,8,2,30,1,25,6,30,31,5,30,29,1,25,2,28,24,27,
2,26,24,25,1,10,15,2,19,23,1,22,6,19,21,12,5,19,20,3,1,15,13,2,18,17,16,2,15,
12,13,1,14,7,1,8,10,2,11,10,5,2,8,9,6,1,7,3,4],
[2,2,1,0,1,1,1,1,0,1,0,1,1,0,1,0,0,0,1,0,0,0,0,1,1,0,0,0,0,1,0,0,0,0,0,1,1,0,0
,0,0,0,0,0,0,0,1,0,0,0,0,0,0,0,0,0,0,0,0,0,0,0,0,0,0,0,0],
[[1,4,8,12,15,29,33,35,48,59,67,68,79,88,98,104,138,139,146,152,158,162,167,
171,176,181,184],[2,3,9,17,21,26,38,41,45,62,71,73,77,90,100,108,109,112,123,
130,136,142,170,191,195,198,200]],
[,,[[6,7],[5,6],[4,5],[3,4],[2,3],[1,2]],,3,3,3,3,,3,,3,3,,3,,,,3,,,,,3,3,,,,,
3,,,,,,3,3,,,,,,,,,,3],
[[[1,-1,1,1,-1,1,-1,1,-1,1,1,-1,1,-1,1,0,-1,1,-1,1,-1,1,0,0,0,0,0],[-1,2,-1,-2
,1,-2,2,-1,2,-2,-2,1,-2,2,-2,1,0,-1,1,-1,1,-1,1,-1,1,-1,1],[1,-2,1,2,-1,2,-2,1
,-2,2,1,0,1,-1,1,-1,0,1,-1,1,-1,0,-1,1,-1,1,0],[-1,2,-1,-2,1,-2,1,0,1,-1,-1,0,
-1,1,0,1,0,-1,1,-1,0,0,1,-1,1,0,0],[1,-2,1,1,0,1,-1,0,-1,0,1,0,1,0,0,-1,0,1,-1
,0,0,0,-1,1,0,0,0],[-1,1,0,-1,0,0,1,0,0,0,-1,0,0,0,0,1,0,-1,0,0,0,0,1,0,0,0,0]
,[1,-1,1,1,-1,1,-1,1,-1,1,1,-1,1,-1,1,0,0,0,0,0,0,0,0,0,0,0,0],[-2,2,-2,-2,2,
-2,2,-2,2,-2,-1,1,-1,1,-1,0,1,-1,1,-1,1,0,0,0,0,0,0],[2,-2,2,2,-2,2,-1,1,-1,1,
1,-1,1,-1,0,0,-1,1,-1,1,0,0,0,0,0,0,0],[-2,2,-2,-1,1,-1,1,-1,1,0,-1,1,-1,0,0,0
,1,-1,1,0,0,0,0,0,0,0,0],[2,-1,1,1,-1,0,-1,1,0,0,1,-1,0,0,0,0,-1,1,0,0,0,0,0,0
,0,0,0],[-1,0,-1,0,1,0,0,-1,0,0,0,1,0,0,0,-1,1,0,0,0,0,0,0,0,0,0,0],[1,-1,1,1,
-1,1,-1,1,-1,1,0,0,0,0,0,0,0,0,0,0,0,0,0,0,0,0,0],[-2,2,-2,-2,2,-2,1,-1,1,-1,
-1,1,-1,1,0,0,0,0,0,0,0,0,0,0,0,0,0],[2,-2,2,1,-1,1,-1,1,-1,0,1,-1,1,0,0,0,0,0
,0,0,0,0,0,0,0,0,0],[-2,1,-1,-1,1,0,1,-1,0,0,-1,1,0,0,0,0,0,0,0,0,0,0,0,0,0,0,
0],[1,0,1,0,-1,0,0,1,0,0,0,-1,0,0,0,1,0,0,0,0,0,0,0,0,0,0,0],[1,-1,0,1,0,0,-1,
0,0,0,1,0,0,0,0,0,0,0,0,0,0,0,0,0,0,0,0],[1,-1,1,1,-1,1,0,0,0,0,0,0,0,0,0,0,0,
0,0,0,0,0,0,0,0,0,0],[-2,2,-2,-1,1,-1,1,-1,1,0,0,0,0,0,0,0,0,0,0,0,0,0,0,0,0,0
,0],[2,-1,1,1,-1,0,-1,1,0,0,0,0,0,0,0,0,0,0,0,0,0,0,0,0,0,0,0],[-1,1,0,-1,0,0,
1,0,0,0,0,0,0,0,0,0,0,0,0,0,0,0,0,0,0,0,0],[1,-1,1,0,0,0,0,0,0,0,0,0,0,0,0,0,0
,0,0,0,0,0,0,0,0,0,0],[-2,1,-1,-1,1,0,0,0,0,0,0,0,0,0,0,0,0,0,0,0,0,0,0,0,0,0,
0],[1,-1,0,1,0,0,0,0,0,0,0,0,0,0,0,0,0,0,0,0,0,0,0,0,0,0,0],[1,0,0,0,0,0,0,0,0
,0,0,0,0,0,0,0,0,0,0,0,0,0,0,0,0,0,0],[-1,1,0,0,0,0,0,0,0,0,0,0,0,0,0,0,0,0,0,
0,0,0,0,0,0,0,0]],[[1,-1,1,1,-1,1,-1,1,-1,1,1,-1,1,-1,1,-1,1,-1,1,-1,1,0,0,0,0
,0,0],[-1,1,0,-2,1,-1,2,-1,1,-2,-2,1,-1,2,-2,1,0,0,-1,1,-1,-1,1,-1,1,-1,1],[1,
-1,0,2,-1,1,-2,1,-1,2,1,0,0,-1,1,-1,0,0,1,-1,0,1,-1,1,-1,1,0],[-1,1,0,-2,1,-1,
1,0,0,-1,-1,0,0,1,0,1,0,0,-1,0,0,-1,1,-1,1,0,0],[1,-1,0,1,0,0,-1,0,0,0,1,0,0,0
,0,-1,0,0,0,0,0,1,-1,1,0,0,0],[1,-1,1,1,-1,1,-1,1,-1,1,1,-1,1,-1,1,0,0,0,0,0,0
,0,0,0,0,0,0],[-2,2,-2,-2,2,-2,2,-2,2,-2,-1,1,-1,1,-1,1,-1,1,-1,1,0,0,0,0,0,0,
0],[2,-2,2,2,-2,2,-1,1,-1,1,1,-1,1,-1,0,-1,1,-1,1,0,0,0,0,0,0,0,0],[-2,2,-2,-1
,1,-1,1,-1,1,0,-1,1,-1,0,0,1,-1,1,0,0,0,0,0,0,0,0,0],[1,-1,2,0,-1,1,0,1,-1,0,0
,-1,1,0,0,0,1,-1,0,0,0,-1,1,0,0,0,0],[-1,0,-1,0,1,0,0,-1,0,0,0,1,0,0,0,0,-1,0,
0,0,0,1,0,0,0,0,0],[2,-1,1,1,-1,0,-1,1,0,0,1,-1,0,0,0,-1,1,0,0,0,0,0,0,0,0,0,0
],[-1,1,0,-1,0,0,1,0,0,0,-1,0,0,0,0,1,0,0,0,0,0,0,0,0,0,0,0],[1,-1,1,1,-1,1,-1
,1,-1,1,0,0,0,0,0,0,0,0,0,0,0,0,0,0,0,0,0],[-2,2,-2,-2,2,-2,1,-1,1,-1,-1,1,-1,
1,0,0,0,0,0,0,0,0,0,0,0,0,0],[2,-2,2,1,-1,1,-1,1,-1,0,1,-1,1,0,0,0,0,0,0,0,0,0
,0,0,0,0,0],[-2,1,-1,-1,1,0,1,-1,0,0,-1,1,0,0,0,0,0,0,0,0,0,0,0,0,0,0,0],[1,-1
,0,1,0,0,-1,0,0,0,1,0,0,0,0,0,0,0,0,0,0,0,0,0,0,0,0],[1,-1,1,1,-1,1,0,0,0,0,0,
0,0,0,0,0,0,0,0,0,0,0,0,0,0,0,0],[-2,2,-2,-1,1,-1,1,-1,1,0,0,0,0,0,0,0,0,0,0,0
,0,0,0,0,0,0,0],[2,-1,1,1,-1,0,-1,1,0,0,0,0,0,0,0,0,0,0,0,0,0,0,0,0,0,0,0],[-1
,1,0,-1,0,0,1,0,0,0,0,0,0,0,0,0,0,0,0,0,0,0,0,0,0,0,0],[1,-1,1,0,0,0,0,0,0,0,0
,0,0,0,0,0,0,0,0,0,0,0,0,0,0,0,0],[-2,1,-1,-1,1,0,0,0,0,0,0,0,0,0,0,0,0,0,0,0,
0,0,0,0,0,0,0],[1,-1,0,1,0,0,0,0,0,0,0,0,0,0,0,0,0,0,0,0,0,0,0,0,0,0,0],[1,0,0
,0,0,0,0,0,0,0,0,0,0,0,0,0,0,0,0,0,0,0,0,0,0,0,0],[-1,1,0,0,0,0,0,0,0,0,0,0,0,
0,0,0,0,0,0,0,0,0,0,0,0,0,0]]],
0,
0,
0,
rec(CharacterParameters:=[[1,[16]],[1,[15,1]],[1,[14,2]],[1,[14,1,1]],[1,[13,3
]],[1,[13,2,1]],[1,[13,1,1,1]],[1,[12,4]],[1,[12,3,1]],[1,[12,2,2]],[1,[12,2,1
,1]],[1,[12,1,1,1,1]],[1,[11,5]],[1,[11,4,1]],[1,[11,3,2]],[1,[11,3,1,1]],[1,[
11,2,2,1]],[1,[11,2,1,1,1]],[1,[11,1,1,1,1,1]],[1,[10,6]],[1,[10,5,1]],[1,[10,
4,2]],[1,[10,4,1,1]],[1,[10,3,3]],[1,[10,3,2,1]],[1,[10,3,1,1,1]],[1,[10,2,2,2
]],[1,[10,2,2,1,1]],[1,[10,2,1,1,1,1]],[1,[10,1,1,1,1,1,1]],[1,[9,7]],[1,[9,6,
1]],[1,[9,5,2]],[1,[9,5,1,1]],[1,[9,4,3]],[1,[9,4,2,1]],[1,[9,4,1,1,1]],[1,[9,
3,3,1]],[1,[9,3,2,2]],[1,[9,3,2,1,1]],[1,[9,3,1,1,1,1]],[1,[9,2,2,2,1]],[1,[9,
2,2,1,1,1]],[1,[9,2,1,1,1,1,1]],[1,[8,8]],[1,[8,7,1]],[1,[8,6,2]],[1,[8,6,1,1]
],[1,[8,5,3]],[1,[8,5,2,1]],[1,[8,5,1,1,1]],[1,[8,4,4]],[1,[8,4,3,1]],[1,[8,4,
2,2]],[1,[8,4,2,1,1]],[1,[8,4,1,1,1,1]],[1,[8,3,3,2]],[1,[8,3,3,1,1]],[1,[8,3,
2,2,1]],[1,[8,3,2,1,1,1]],[1,[8,3,1,1,1,1,1]],[1,[8,2,2,2,2]],[1,[8,2,2,2,1,1]
],[1,[8,2,2,1,1,1,1]],[1,[8,2,1,1,1,1,1,1]],[1,[7,7,2]],[1,[7,7,1,1]],[1,[7,6,
3]],[1,[7,6,2,1]],[1,[7,6,1,1,1]],[1,[7,5,4]],[1,[7,5..1]],[1,[7,5,2,2]],[1,[7
,5,2,1,1]],[1,[7,5,1,1,1,1]],[1,[7,4,4,1]],[1,[7,4,3,2]],[1,[7,4,3,1,1]],[1,[7
,4,2,2,1]],[1,[7,4,2,1,1,1]],[1,[7,4,1,1,1,1,1]],[1,[7,3,3,3]],[1,[7,3,3,2,1]]
,[1,[7,3,3,1,1,1]],[1,[7,3,2,2,2]],[1,[7,3,2,2,1,1]],[1,[7,3,2,1,1,1,1]],[1,[7
,3,1,1,1,1,1,1]],[1,[7,2,2,2,2,1]],[1,[7,2,2,2,1,1,1]],[1,[7,2,2,1,1,1,1,1]],[
1,[6,6,4]],[1,[6,6,3,1]],[1,[6,6,2,2]],[1,[6,6,2,1,1]],[1,[6,6,1,1,1,1]],[1,[6
,5,5]],[1,[6,5,4,1]],[1,[6,5,3,2]],[1,[6,5,3,1,1]],[1,[6,5,2,2,1]],[1,[6,5,2,1
,1,1]],[1,[6,5,1,1,1,1,1]],[1,[6,4,4,2]],[1,[6,4,4,1,1]],[1,[6,4,3,3]],[1,[6,4
,3,2,1]],[1,[6,4,3,1,1,1]],[1,[6,4,2,2,2]],[1,[6,4,2,2,1,1]],[1,[6,4,2,1,1,1,1
]],[1,[6,4,1,1,1,1,1,1]],[1,[6,3,3,3,1]],[1,[6,3,3,2,2]],[1,[6,3,3,2,1,1]],[1,
[6,3,3,1,1,1,1]],[1,[6,3,2,2,2,1]],[1,[6,3,2,2,1,1,1]],[1,[6,3,2,1,1,1,1,1]],[
1,[6,2,2,2,2,2]],[1,[6,2,2,2,2,1,1]],[1,[6,2,2,2,1,1,1,1]],[1,[6,2,2,1,1,1,1,1
,1]],[1,[5,5,5,1]],[1,[5,5,4,2]],[1,[5,5,4,1,1]],[1,[5,5,3,3]],[1,[5,5,3,2,1]]
,[1,[5,5,3,1,1,1]],[1,[5,5,2,2,2]],[1,[5,5,2,2,1,1]],[1,[5,5,2,1,1,1,1]],[1,[5
,5,1,1,1,1,1,1]],[1,[5,4,4,3]],[1,[5,4,4,2,1]],[1,[5,4,4,1,1,1]],[1,[5,4,3,3,1
]],[1,[5,4,3,2,2]],[1,[5,4,3,2,1,1]],[1,[5,4,3,1,1,1,1]],[1,[5,4,2,2,2,1]],[1,
[5,4,2,2,1,1,1]],[1,[5,4,2,1,1,1,1,1]],[1,[5,3,3,3,2]],[1,[5,3,3,3,1,1]],[1,[5
,3,3,2,2,1]],[1,[5,3,3,2,1,1,1]],[1,[5,3,3,1,1,1,1,1]],[1,[5,3,2,2,2,2]],[1,[5
,3,2,2,2,1,1]],[1,[5,3,2,2,1,1,1,1]],[1,[5,3,2,1,1,1,1,1,1]],[1,[5,2,2,2,2,2,1
]],[1,[5,2,2,2,2,1,1,1]],[1,[5,2,2,2,1,1,1,1,1]],[1,[4,4,4,4]],[1,[4,4,4,3,1]]
,[1,[4,4,4,2,2]],[1,[4,4,4,2,1,1]],[1,[4,4,4,1,1,1,1]],[1,[4,4,3,3,2]],[1,[4,4
,3,3,1,1]],[1,[4,4,3,2,2,1]],[1,[4,4,3,2,1,1,1]],[1,[4,4,3,1,1,1,1,1]],[1,[4,4
,2,2,2,2]],[1,[4,4,2,2,2,1,1]],[1,[4,4,2,2,1,1,1,1]],[1,[4,4,2,1,1,1,1,1,1]],[
1,[4,3,3,3,3]],[1,[4,3,3,3,2,1]],[1,[4,3,3,3,1,1,1]],[1,[4,3,3,2,2,2]],[1,[4,3
,3,2,2,1,1]],[1,[4,3,3,2,1,1,1,1]],[1,[4,3,3,1,1,1,1,1,1]],[1,[4,3,2,2,2,2,1]]
,[1,[4,3,2,2,2,1,1,1]],[1,[4,3,2,2,1,1,1,1,1]],[1,[4,2,2,2,2,2,2]],[1,[4,2,2,2
,2,2,1,1]],[1,[4,2,2,2,2,1,1,1,1]],[1,[4,2,2,2,1,1,1,1,1,1]],[1,[3,3,3,3,3,1]]
,[1,[3,3,3,3,2,2]],[1,[3,3,3,3,2,1,1]],[1,[3,3,3,3,1,1,1,1]],[1,[3,3,3,2,2,2,1
]],[1,[3,3,3,2,2,1,1,1]],[1,[3,3,3,2,1,1,1,1,1]],[1,[3,3,2,2,2,2,2]],[1,[3,3,2
,2,2,2,1,1]],[1,[3,3,2,2,2,1,1,1,1]],[1,[3,3,2,2,1,1,1,1,1,1]],[1,[3,2,2,2,2,2
,2,1]],[1,[3,2,2,2,2,2,1,1,1]],[1,[3,2,2,2,2,1,1,1,1,1]],[1,[2,2,2,2,2,2,1,1,1
,1]],[1,[2,2,2,2,2,1,1,1,1,1,1]]]));

