MBT("Sym(18)",2,
"(no info text)",
[1,1,1,1,2,1,1,1,2,1,1,1,1,3,1,2,1,2,1,1,1,1,1,3,1,2,1,2,1,1,1,2,1,3,1,1,3,1,2
,2,1,2,1,2,3,1],
[16,10,7],
[[1,2,3,4,5,6,7,8,9,13,15,17,20,21,22,23,24,28,30,32,33,48,50,53,54,55,59,70,
73,116],[12,14,16,18,27,29,36,69,71,112,113],[47,49,51,58,81]],
[],
[[[1,0,0,0,0,0,0,0,0,0,0,0,0,0,0,0,0,0,0,0,0,0,0,0,0,0,0,0,0,0],[-1,1,0,0,0,0,
0,0,0,0,0,0,0,0,0,0,0,0,0,0,0,0,0,0,0,0,0,0,0,0],[0,-1,1,0,0,0,0,0,0,0,0,0,0,0
,0,0,0,0,0,0,0,0,0,0,0,0,0,0,0,0],[-1,1,-1,1,0,0,0,0,0,0,0,0,0,0,0,0,0,0,0,0,0
,0,0,0,0,0,0,0,0,0],[1,0,0,-1,1,0,0,0,0,0,0,0,0,0,0,0,0,0,0,0,0,0,0,0,0,0,0,0,
0,0],[-1,1,-1,0,-1,0,0,0,0,1,0,0,0,0,0,0,0,0,0,0,0,0,0,0,0,0,0,0,0,0],[-1,1,-1
,1,-1,1,0,0,0,0,0,0,0,0,0,0,0,0,0,0,0,0,0,0,0,0,0,0,0,0],[0,-2,1,0,1,-1,0,0,0,
-1,0,0,1,0,0,0,0,0,0,0,0,0,0,0,0,0,0,0,0,0],[0,0,0,0,0,-1,1,0,0,0,0,0,0,0,0,0,
0,0,0,0,0,0,0,0,0,0,0,0,0,0],[-1,1,-1,1,-1,0,-1,0,0,0,1,0,0,0,0,0,0,0,0,0,0,0,
0,0,0,0,0,0,0,0],[-1,2,-2,0,-1,1,0,0,0,1,-1,0,-1,1,0,0,0,0,0,0,0,0,0,0,0,0,0,0
,0,0],[0,0,0,0,-1,1,-1,1,0,0,0,0,0,0,0,0,0,0,0,0,0,0,0,0,0,0,0,0,0,0],[0,0,0,0
,0,1,-1,0,0,0,0,0,0,-1,1,0,0,0,0,0,0,0,0,0,0,0,0,0,0,0],[3,-3,3,-3,2,-3,0,-1,0
,0,1,0,0,-1,-1,0,0,0,0,0,0,1,0,0,0,0,0,0,0,0],[1,0,0,-1,1,0,0,-1,1,0,0,0,0,0,0
,0,0,0,0,0,0,0,0,0,0,0,0,0,0,0],[-2,0,0,1,0,1,-1,0,-1,-1,0,1,0,0,0,0,0,0,0,0,0
,0,0,0,0,0,0,0,0,0],[0,0,0,-1,0,-1,1,0,1,1,0,-1,-1,1,-1,1,0,0,0,0,0,0,0,0,0,0,
0,0,0,0],[0,-2,2,0,2,-1,0,0,0,-2,1,0,1,-1,0,-1,0,1,0,0,0,0,0,0,0,0,0,0,0,0],[
-4,0,-2,3,-3,2,-1,1,-2,-1,0,0,1,0,1,0,0,-1,0,0,0,-1,0,1,0,0,0,0,0,0],[-1,-1,0,
1,0,0,0,1,-1,-1,0,0,1,0,0,-1,1,0,0,0,0,0,0,0,0,0,0,0,0,0],[0,0,0,0,0,0,0,-1,-1
,0,0,1,0,0,0,-1,-1,0,0,0,0,0,1,0,0,0,0,0,0,0],[0,2,-1,-1,-1,1,1,-1,1,2,-1,0,-2
,1,0,1,-1,-1,0,1,0,0,0,0,0,0,0,0,0,0],[2,-2,2,-2,2,-3,-1,1,0,0,1,0,0,-1,-1,0,1
,1,0,-1,0,1,-1,-1,1,0,0,0,0,0],[1,1,-1,-1,-1,0,1,-1,1,2,-1,0,-1,1,0,1,-1,-1,1,
0,0,0,0,0,0,0,0,0,0,0],[-2,-1,1,2,0,0,-2,2,-2,-2,2,0,2,-2,0,-1,1,1,-1,-1,1,0,0
,0,0,0,0,0,0,0],[1,1,1,0,0,0,1,-1,1,1,-1,0,-1,1,0,1,-1,0,0,1,-1,0,0,0,-1,1,0,0
,0,0],[-3,3,-3,3,-3,3,-1,-1,-1,0,-2,1,0,0,1,-1,-1,0,1,1,0,0,1,0,-1,-1,0,1,0,0]
,[0,0,-2,1,-1,2,2,-1,0,1,-2,0,-1,2,1,0,-1,-1,1,1,-1,-1,1,0,0,-1,1,0,0,0],[-1,
-1,-1,-1,-1,-1,0,-1,1,0,1,0,0,0,0,1,-1,0,0,-1,0,-1,0,1,0,1,-1,-1,1,0],[-1,1,-1
,0,1,1,1,1,0,-1,-3,-1,-2,1,0,1,1,-1,0,2,-2,1,0,-1,0,-1,1,1,-2,1]],[[1,0,0,0,0,
0,0,0,0,0,0],[-1,1,0,0,0,0,0,0,0,0,0],[0,-1,1,0,0,0,0,0,0,0,0],[-1,0,-1,0,1,0,
0,0,0,0,0],[-1,1,-1,1,0,0,0,0,0,0,0],[0,0,0,0,0,1,0,0,0,0,0],[1,-1,1,-1,-1,0,0
,1,0,0,0],[1,-1,0,-1,0,-1,0,-1,0,1,0],[1,0,1,-1,-1,0,1,0,0,0,0],[0,0,-1,1,1,0,
-1,-1,1,0,0],[-2,-2,0,0,0,0,-1,1,-1,-1,1]],[[1,0,0,0,0],[-1,1,0,0,0],[1,-1,1,0
,0],[-1,0,-1,1,0],[-1,1,0,-1,1]]],
0,
0,
0,
rec(CharacterParameters:=[[1,[18]],[1,[17,1]],[1,[16,2]],[1,[15,3]],[1,[15,2,1
]],[1,[14,4]],[1,[14,3,1]],[1,[13,5]],[1,[13,4,1]],[1,[13,3,2]],[1,[12,6]],[1,
[12,5,1]],[1,[12,4,2]],[1,[12,3,2,1]],[1,[11,7]],[1,[11,6..1]],[1,[11,5,2]],[1
,[11,4,3]],[1,[11,4,2,1]],[1,[10,8]],[1,[10,7,1]],[1,[10,6..2]],[1,[10,5,3]],[
1,[10,5,2,1]],[1,[10,4,3,1]],[1,[9,8,1]],[1,[9,7,2]],[1,[9,6..3]],[1,[9,6,2,1]
],[1,[9,5,4]],[1,[9,5,3,1]],[1,[9,4,3,2]],[1,[8,7,3]],[1,[8,7,2,1]],[1,[8,6..4
]],[1,[8,6,3,1]],[1,[8,5,4,1]],[1,[8,5,3,2]],[1,[8,4,3,2,1]],[1,[7,6..5]],[1,[
7,6,4,1]],[1,[7,6,3,2]],[1,[7,5,4,2]],[1,[7,5,3,2,1]],[1,[6,5..3]],[1,[6,5,4,2
,1]]]));

MBT("Sym(18)",3,
"(no info text)",
[1,1,5,1,1,1,1,6,1,2,5,1,1,2,5,1,1,7,1,1,1,3,1,6,1,2,1,1,2,6,1,5,1,1,2,5,5,1,5
,1,3,2,5,1,1,1,7,1,1,1,1,5,1,3,1,1,3,7,1,4,1,2,1,1,6,2,6,1,1,2,2,5,1,6,1,1,1,4
,2,6,1,5,1,3,1,2,2,5,1,5,2,5,5,5,1,1,1,3,5,1,2,1,6,1,1,1,4,1,3,1,1,3,5,1,7,1,4
,3,7,1,2,2,1,2,6,5,1,2,1,4,6,1,2,3,5],
[8,5,4,2,5,4,2],
[[1,2,4,5,7,8,10,11,12,14,15,17,18,19,20,22,23,25,26,27,29,30,31,32,34,35,36,
41,44,47,48,50,51,57,61,64,65,67,69,75,77,79,80,81,93,96,102,104,107,109,110,
111,112,114,115,116,122,132,137,164,167,168,173,181,185],[3,6,9,28,46,49,53,54
,56,60,78,98,100,101,103,113,130,131,136,235],[13,16,33,63,66,72,74,166,170,
183],[21,24,108,121,172],[39,40,42,43,45,52,55,58,59,68,70,71,73,84,129,133,
180,182,231,232],[92,94,95,97,99,105,119,120,135,197],[162,163,165,169,174]],
[],
[[[1,-1,1,-1,1,-1,1,0,0,0,0,0,0,0,0,0,0,0,0,0,0,0,0,0,0,0,0,0,0,0,0,0,0,0,0,0,
0,0,0,0,0,0,0,0,0,0,0,0,0,0,0,0,0,0,0,0,0,0,0,0,0,0,0,0,0],[-2,1,-1,1,-1,1,-1,
-1,1,-1,1,-1,1,0,0,0,0,0,0,0,0,0,0,0,0,0,0,0,0,0,0,0,0,0,0,0,0,0,0,0,0,0,0,0,0
,0,0,0,0,0,0,0,0,0,0,0,0,0,0,0,0,0,0,0,0],[2,-2,1,-1,1,-1,1,2,-1,1,-1,1,-1,1,
-1,1,-1,1,0,0,0,0,0,0,0,0,0,0,0,0,0,0,0,0,0,0,0,0,0,0,0,0,0,0,0,0,0,0,0,0,0,0,
0,0,0,0,0,0,0,0,0,0,0,0,0],[2,-1,1,-2,2,-2,2,1,-1,1,-1,1,-1,1,0,0,0,0,1,-1,1,
-1,0,0,0,0,0,0,0,-1,1,-1,1,0,0,0,0,0,0,0,0,0,0,0,0,0,0,0,0,0,0,0,0,0,0,0,0,0,0
,0,0,0,0,0,0],[-3,3,-2,2,-2,2,-2,-2,2,-1,1,-1,1,-2,1,-1,1,-1,-1,1,-1,1,0,0,0,0
,0,0,0,0,0,0,0,0,0,0,0,0,0,0,0,0,0,0,0,0,0,0,0,0,0,0,0,0,0,0,0,0,0,0,0,0,0,0,0
],[-2,1,-1,2,-1,2,-2,-1,1,-2,1,-2,2,-1,1,0,0,0,-1,1,-1,1,-1,1,-1,0,0,1,0,0,-1,
1,-1,0,0,1,-1,1,0,0,0,0,0,0,0,0,0,0,0,0,0,0,0,0,0,0,0,0,0,0,0,0,0,0,0],[4,-3,3
,-2,2,-2,2,3,-3,2,-2,2,-2,2,-2,1,-1,1,2,-1,1,-1,1,-1,1,0,0,0,0,0,0,0,0,0,0,0,0
,0,0,0,0,0,0,0,0,0,0,0,0,0,0,0,0,0,0,0,0,0,0,0,0,0,0,0,0],[3,-3,2,-3,1,-2,2,2,
-2,3,-1,2,-2,2,-3,1,-2,2,1,-2,1,-1,2,-1,1,1,-1,-1,0,1,1,0,0,0,0,-1,1,-1,0,0,0,
0,0,0,-1,0,0,0,1,-1,1,0,0,0,0,0,0,0,0,0,0,0,0,0,0],[-4,4,-3,3,-2,2,-2,-4,3,-3,
2,-2,2,-3,3,-2,2,-2,-2,2,-1,1,-2,1,-1,-1,1,0,0,0,0,0,0,0,0,0,0,0,0,0,0,0,0,0,0
,0,0,0,0,0,0,0,0,0,0,0,0,0,0,0,0,0,0,0,0],[-1,1,-1,1,-2,0,-1,-1,1,0,1,0,1,-1,0
,0,1,-1,-1,0,-1,0,0,0,0,0,1,-1,-1,1,0,0,1,0,-1,-1,0,-1,1,0,-1,1,0,0,0,0,0,0,0,
0,0,0,0,0,0,0,0,0,0,0,0,0,0,0,0],[2,-2,2,-1,3,-2,3,2,-2,0,-1,1,-2,2,0,1,-1,1,1
,0,2,-1,0,0,1,-1,-1,1,1,-1,-1,-1,0,0,1,1,0,1,-1,0,1,-1,0,0,1,0,1,-1,-1,1,-1,1,
-1,1,0,0,0,0,0,0,0,0,0,0,0],[2,-2,1,0,2,-1,1,1,-1,0,-1,0,0,1,0,1,0,0,1,0,0,0,
-1,0,-1,0,1,1,0,-1,-1,0,0,1,-1,0,0,0,0,0,0,0,0,0,1,0,-1,1,0,0,0,0,0,0,0,0,0,0,
0,0,0,0,0,0,0],[4,-4,3,-3,2,-2,2,3,-3,2,-2,1,-1,3,-2,2,-1,1,2,-2,1,-1,1,-1,0,1
,0,0,0,0,0,0,0,0,0,0,0,0,0,0,0,0,0,0,0,0,0,0,0,0,0,0,0,0,0,0,0,0,0,0,0,0,0,0,0
],[-4,3,-3,2,-3,3,-3,-2,2,-1,2,-1,1,-2,1,-1,0,0,-2,1,-1,1,0,1,0,0,-1,-1,0,1,0,
1,-1,-1,1,0,0,0,0,0,0,0,0,0,0,0,0,0,0,0,0,0,0,0,0,0,0,0,0,0,0,0,0,0,0],[2,-2,2
,-1,2,0,2,2,-2,1,-2,0,-2,1,-1,1,-1,2,1,0,1,0,0,-1,0,1,-1,1,2,0,-1,0,-2,1,1,1,0
,2,-1,-1,1,-1,-1,1,0,0,0,0,0,0,0,0,0,0,0,0,0,0,0,0,0,0,0,0,0],[-3,3,-3,1,-2,2,
-3,-3,3,-1,2,-2,3,-2,2,-2,2,-3,-1,0,-1,1,-1,2,-3,0,1,-1,-1,0,1,0,1,0,-1,-1,0,
-1,0,1,-1,1,0,0,0,0,-1,1,0,0,0,0,1,-1,1,-1,0,0,0,0,-1,1,0,0,0],[-4,3,-3,2,-2,1
,-1,-3,3,-2,2,-1,1,-2,2,-1,1,0,-2,1,-1,0,-1,1,0,0,0,0,0,0,0,0,0,0,0,0,0,0,0,0,
0,0,0,0,0,0,0,0,0,0,0,0,0,0,0,0,0,0,0,0,0,0,0,0,0],[-3,3,-3,1,-5,2,-4,-3,3,0,2
,-1,3,-2,0,-2,1,-2,-2,0,-2,1,1,0,0,0,1,-2,-2,2,2,1,1,-1,-1,-2,0,-2,2,0,-1,1,1,
-1,-2,0,0,0,2,-1,1,-2,1,-1,-1,1,0,0,0,0,0,0,0,0,0],[4,-2,2,-1,2,-2,2,2,-2,1,-2
,2,-2,1,-1,0,0,-1,1,0,1,0,0,-1,0,-1,1,1,0,0,0,-1,1,1,-1,0,1,-1,-1,1,0,0,0,0,0,
0,0,0,0,0,0,0,0,0,0,0,0,0,0,0,0,0,0,0,0],[-3,3,-3,2,-3,1,-4,-3,2,-1,2,0,3,-2,2
,-2,1,-3,-1,0,-2,0,0,2,-1,-1,1,-1,-2,0,1,1,2,-1,-1,-1,0,-2,1,1,-1,1,1,-1,0,-1,
0,1,0,0,1,0,0,0,0,-1,1,0,0,0,0,0,0,0,0],[1,-1,2,-1,2,0,4,1,-2,1,-2,0,-4,2,-2,2
,-1,4,2,-1,3,-1,1,-4,2,3,-2,1,2,0,-1,-1,-2,1,1,1,1,2,-1,-1,1,-2,-1,1,0,1,0,-1,
0,-1,-1,0,0,1,0,1,-1,0,0,1,0,-1,1,0,0],[3,-3,2,-2,1,-1,0,3,-2,2,-1,1,0,2,-2,1,
-1,0,1,-1,0,0,1,0,0,0,0,0,0,0,0,0,0,0,0,0,0,0,0,0,0,0,0,0,0,0,0,0,0,0,0,0,0,0,
0,0,0,0,0,0,0,0,0,0,0],[0,0,0,2,2,0,1,2,-1,-1,-1,0,-2,1,1,1,0,1,1,1,1,0,-2,0,0
,-1,0,2,1,-2,-2,-1,0,1,0,2,0,1,-1,0,1,0,-1,0,2,0,0,0,-2,1,-1,1,-1,0,1,0,0,0,0,
0,0,0,0,0,0],[5,-3,3,-5,2,-3,2,3,-3,5,-2,3,-2,2,-2,1,-1,0,2,-3,1,-1,3,-1,1,1,
-1,-2,-1,0,2,0,1,-1,0,-2,0,-1,1,0,-1,0,1,0,0,0,0,0,0,0,0,0,0,0,0,0,0,0,0,0,0,0
,0,0,0],[1,0,0,0,0,0,0,0,0,0,0,0,0,0,0,0,0,0,0,0,0,0,0,0,0,0,0,0,0,0,0,0,0,0,0
,0,0,0,0,0,0,0,0,0,0,0,0,0,0,0,0,0,0,0,0,0,0,0,0,0,0,0,0,0,0],[-1,1,0,0,0,0,0,
0,0,0,0,0,0,0,0,0,0,0,0,0,0,0,0,0,0,0,0,0,0,0,0,0,0,0,0,0,0,0,0,0,0,0,0,0,0,0,
0,0,0,0,0,0,0,0,0,0,0,0,0,0,0,0,0,0,0],[3,-3,2,-2,1,1,3,2,-2,2,-2,0,-2,2,-3,2,
-1,3,2,-2,2,0,1,-3,1,3,-1,0,2,1,0,-1,-3,2,1,0,0,1,0,-1,0,-1,-1,1,-1,2,-2,-1,1,
-1,0,-1,1,0,0,1,-1,-1,1,0,0,0,0,0,0],[1,0,-1,0,-2,0,-5,-1,1,-1,2,0,4,-2,2,-3,1
,-4,-2,1,-3,2,-1,4,-1,-4,2,-1,-3,0,2,2,2,-2,-2,-1,-1,-3,2,1,-1,3,2,-2,-1,-1,0,
1,1,0,2,-1,0,-2,-1,0,1,0,-1,-1,1,1,-1,-1,1],[-3,2,-2,2,0,0,-2,-1,1,-2,1,0,1,-1
,2,-1,0,-1,-1,2,-1,0,-1,2,-1,-2,0,1,-1,-1,-1,1,1,-1,0,1,0,0,-1,1,1,0,0,0,1,-1,
1,1,-1,1,0,1,-1,0,0,-1,0,1,0,0,0,0,0,0,0],[-3,3,-2,2,-1,1,0,-2,2,-1,1,0,0,-2,1
,-1,0,0,-1,1,0,0,0,0,0,0,0,0,0,0,0,0,0,0,0,0,0,0,0,0,0,0,0,0,0,0,0,0,0,0,0,0,0
,0,0,0,0,0,0,0,0,0,0,0,0],[3,-3,2,-3,0,0,1,1,-1,2,-1,0,0,1,-2,1,0,1,1,-2,0,0,1
,-1,0,2,0,-1,0,1,1,0,-1,0,0,-1,0,0,1,0,-1,0,0,0,-1,1,-1,0,1,-1,0,-1,1,0,0,0,0,
0,0,0,0,0,0,0,0],[4,-3,3,-2,3,-1,2,2,-2,1,-2,0,-1,2,-1,1,0,0,2,-1,1,0,0,-1,0,0
,0,1,1,-1,0,-1,0,1,0,0,0,0,0,0,0,0,0,0,0,0,0,0,0,0,0,0,0,0,0,0,0,0,0,0,0,0,0,0
,0],[-4,4,-3,2,-3,1,-3,-2,2,-1,2,0,1,-2,1,-2,0,-1,-2,1,-1,0,0,1,0,-1,0,-1,-1,1
,1,1,1,-1,0,0,0,0,0,0,0,0,0,0,-1,-1,1,0,0,0,0,0,0,0,0,0,0,0,0,0,0,0,0,0,0],[-5
,3,-3,5,-3,3,-3,-2,2,-3,2,-1,1,-2,1,-1,0,0,-2,3,-1,1,-1,1,0,-1,0,1,0,1,-2,1,-1
,0,0,1,0,0,-1,0,1,0,0,0,0,0,0,0,0,0,0,0,0,0,0,0,0,0,0,0,0,0,0,0,0],[1,-1,0,0,0
,0,0,1,0,0,0,0,0,0,0,0,0,0,0,0,0,0,0,0,0,0,0,0,0,0,0,0,0,0,0,0,0,0,0,0,0,0,0,0
,0,0,0,0,0,0,0,0,0,0,0,0,0,0,0,0,0,0,0,0,0],[-2,1,-1,0,0,0,0,-1,1,0,0,0,0,0,0,
0,0,0,0,0,0,0,0,0,0,0,0,0,0,0,0,0,0,0,0,0,0,0,0,0,0,0,0,0,0,0,0,0,0,0,0,0,0,0,
0,0,0,0,0,0,0,0,0,0,0],[1,-1,1,0,0,0,0,0,0,0,0,0,0,0,0,0,0,0,0,0,0,0,0,0,0,0,0
,0,0,0,0,0,0,0,0,0,0,0,0,0,0,0,0,0,0,0,0,0,0,0,0,0,0,0,0,0,0,0,0,0,0,0,0,0,0],
[5,-4,4,-4,3,-1,5,4,-4,4,-3,1,-5,3,-3,2,-1,2,3,-3,3,-1,2,-4,1,3,-1,-1,3,0,1,-2
,-1,1,1,-1,2,1,-1,-1,-1,-1,0,0,0,1,-1,-1,0,-1,-1,0,1,1,1,1,0,-1,0,1,-1,-1,0,1,
0],[3,-2,2,-1,1,0,0,2,-2,1,-1,0,0,1,-1,0,0,0,1,0,0,0,0,0,0,0,0,0,0,0,0,0,0,0,0
,0,0,0,0,0,0,0,0,0,0,0,0,0,0,0,0,0,0,0,0,0,0,0,0,0,0,0,0,0,0],[-6,4,-3,4,-2,0,
-2,-4,3,-4,2,0,2,-2,2,-1,0,-1,-2,2,-1,0,-1,1,1,-2,0,1,-1,0,-1,1,1,0,0,1,-1,-1,
0,0,1,0,0,0,0,-1,1,0,0,1,1,0,-1,0,-1,0,0,0,0,-1,1,0,0,0,0],[-4,2,-2,1,-2,0,-2,
-2,2,-1,2,0,2,-1,1,0,0,0,-1,0,-1,0,0,1,0,0,0,-1,-2,0,0,1,0,-1,0,0,-1,0,1,0,0,0
,0,0,0,0,0,0,0,0,0,0,0,0,0,0,0,0,0,0,0,0,0,0,0],[-4,3,-3,3,-1,1,-1,-1,1,-2,1,0
,0,-1,2,0,0,0,-1,1,0,0,-1,1,0,0,0,1,0,-1,-1,0,0,0,0,1,0,0,-1,0,0,0,0,0,1,0,0,0
,-1,0,0,1,0,0,0,0,0,0,0,0,0,0,0,0,0],[4,-2,2,-3,2,-1,2,2,-2,3,-2,1,-2,1,-1,0,0
,0,1,-1,1,0,1,-1,0,0,0,-1,1,0,1,-1,0,0,0,-1,1,0,0,0,0,0,0,0,0,0,0,0,0,0,0,0,0,
0,0,0,0,0,0,0,0,0,0,0,0],[2,-2,1,-1,0,0,0,1,-1,0,0,0,0,1,0,0,0,0,0,0,0,0,0,0,0
,0,0,0,0,0,0,0,0,0,0,0,0,0,0,0,0,0,0,0,0,0,0,0,0,0,0,0,0,0,0,0,0,0,0,0,0,0,0,0
,0],[-1,1,-1,1,0,0,0,0,0,0,0,0,0,0,0,0,0,0,0,0,0,0,0,0,0,0,0,0,0,0,0,0,0,0,0,0
,0,0,0,0,0,0,0,0,0,0,0,0,0,0,0,0,0,0,0,0,0,0,0,0,0,0,0,0,0],[-2,2,-1,1,0,0,0,
-2,1,-1,0,0,0,-1,1,0,0,0,0,0,0,0,0,0,0,0,0,0,0,0,0,0,0,0,0,0,0,0,0,0,0,0,0,0,0
,0,0,0,0,0,0,0,0,0,0,0,0,0,0,0,0,0,0,0,0],[2,-1,1,-1,0,0,0,1,-1,1,0,0,0,0,0,0,
0,0,0,0,0,0,0,0,0,0,0,0,0,0,0,0,0,0,0,0,0,0,0,0,0,0,0,0,0,0,0,0,0,0,0,0,0,0,0,
0,0,0,0,0,0,0,0,0,0],[0,0,0,0,0,1,2,0,0,0,0,-1,-2,0,0,0,1,2,0,0,1,0,0,-1,0,1,0
,0,1,0,0,-1,-1,0,0,0,1,1,0,0,0,0,0,0,0,1,0,0,0,-1,-1,0,0,0,0,0,0,0,0,1,0,0,0,0
,0],[3,-3,2,-3,0,-1,0,1,-1,2,0,0,0,1,-2,0,0,0,0,-1,0,0,1,0,0,0,0,-1,0,1,1,0,0,
0,0,-1,0,0,0,0,0,0,0,0,-1,0,0,0,1,0,0,0,0,0,0,0,0,0,0,0,0,0,0,0,0],[-2,0,-1,2,
-1,1,0,0,1,-2,1,-1,0,0,0,0,0,0,-1,1,0,0,-1,0,0,0,0,1,0,0,-1,0,0,0,0,1,0,0,0,0,
0,0,0,0,0,0,0,0,0,0,0,0,0,0,0,0,0,0,0,0,0,0,0,0,0],[-6,6,-4,5,-2,2,-3,-4,3,-4,
2,-1,2,-3,4,-2,1,-2,-1,2,-1,0,-2,1,0,-1,0,1,-1,-1,-1,1,1,0,0,1,-1,0,0,0,0,0,0,
0,1,-1,0,0,-1,1,0,0,0,0,0,0,0,0,0,0,0,0,0,0,0],[-3,2,-2,1,-2,0,0,-1,1,0,1,0,0,
-1,0,0,0,0,-1,0,0,0,0,0,0,0,0,-1,0,1,0,0,0,0,0,0,0,0,0,0,0,0,0,0,0,0,0,0,0,0,0
,0,0,0,0,0,0,0,0,0,0,0,0,0,0],[2,-1,1,0,1,0,0,1,-1,0,-1,0,0,0,0,0,0,0,0,0,0,0,
0,0,0,0,0,1,0,0,0,0,0,0,0,0,0,0,0,0,0,0,0,0,0,0,0,0,0,0,0,0,0,0,0,0,0,0,0,0,0,
0,0,0,0],[0,0,0,-1,1,0,0,0,0,0,0,0,0,0,0,0,0,0,0,0,0,0,0,0,0,0,0,0,0,0,0,0,0,0
,0,0,0,0,0,0,0,0,0,0,0,0,0,0,0,0,0,0,0,0,0,0,0,0,0,0,0,0,0,0,0],[0,0,0,1,-1,0,
0,0,0,-1,1,0,0,0,0,0,0,0,0,0,0,0,0,0,0,0,0,0,0,0,0,0,0,0,0,0,0,0,0,0,0,0,0,0,0
,0,0,0,0,0,0,0,0,0,0,0,0,0,0,0,0,0,0,0,0],[3,-3,2,-1,2,-1,0,1,-1,0,-1,0,0,1,0,
1,0,0,1,0,0,0,0,0,0,0,0,1,0,-1,-1,0,0,0,0,0,0,0,0,0,0,0,0,0,1,0,0,0,0,0,0,0,0,
0,0,0,0,0,0,0,0,0,0,0,0],[0,0,-1,1,-1,1,0,0,0,0,0,0,0,0,0,0,0,0,0,0,0,0,0,0,0,
0,0,0,0,0,0,0,0,0,0,0,0,0,0,0,0,0,0,0,0,0,0,0,0,0,0,0,0,0,0,0,0,0,0,0,0,0,0,0,
0],[0,0,1,-2,2,-1,0,0,0,1,-1,0,0,0,0,0,0,0,1,-1,0,0,0,0,0,0,0,0,0,-1,1,0,0,0,0
,0,0,0,0,0,0,0,0,0,0,0,0,0,0,0,0,0,0,0,0,0,0,0,0,0,0,0,0,0,0],[0,0,1,-1,1,-1,0
,0,0,1,-1,0,0,0,-1,1,0,0,0,0,0,0,0,0,0,0,0,0,0,0,0,0,0,0,0,0,0,0,0,0,0,0,0,0,0
,0,0,0,0,0,0,0,0,0,0,0,0,0,0,0,0,0,0,0,0],[-3,2,-2,3,-3,1,-2,-1,1,-1,1,0,1,-1,
0,0,0,0,-1,1,-1,0,0,0,0,0,0,0,-1,1,-1,1,0,0,0,0,0,0,0,0,0,0,0,0,0,0,0,0,0,0,0,
0,0,0,0,0,0,0,0,0,0,0,0,0,0],[3,-3,2,-2,1,0,1,2,-2,1,-1,0,-1,2,-1,1,0,1,1,-1,1
,0,0,0,0,0,0,0,1,0,0,-1,-1,0,0,0,0,0,0,0,0,0,0,0,0,1,0,0,0,0,0,0,0,0,0,0,0,0,0
,0,0,0,0,0,0],[0,0,1,-1,1,-1,0,0,-1,1,-1,1,0,0,0,0,0,0,0,0,0,0,0,0,0,0,0,0,0,0
,0,0,0,0,0,0,0,0,0,0,0,0,0,0,0,0,0,0,0,0,0,0,0,0,0,0,0,0,0,0,0,0,0,0,0],[-2,2,
-1,1,-1,1,0,-2,1,-1,1,-1,0,-1,1,-1,1,0,0,0,0,0,0,0,0,0,0,0,0,0,0,0,0,0,0,0,0,0
,0,0,0,0,0,0,0,0,0,0,0,0,0,0,0,0,0,0,0,0,0,0,0,0,0,0,0],[2,-1,1,-1,1,0,1,1,-1,
1,-1,0,-1,0,0,0,0,0,0,0,0,0,0,0,0,0,0,0,1,0,0,0,0,0,0,0,0,0,0,0,0,0,0,0,0,0,0,
0,0,0,0,0,0,0,0,0,0,0,0,0,0,0,0,0,0],[5,-4,3,-2,2,-2,1,3,-3,2,-2,1,-1,2,-1,1,
-1,0,1,-1,1,0,0,0,0,0,0,0,0,0,0,0,0,0,0,0,0,0,0,0,0,0,0,0,0,0,0,0,0,0,0,0,0,0,
0,0,0,0,0,0,0,0,0,0,0]],[[1,0,0,0,-1,0,1,-1,1,0,0,0,0,0,0,0,0,0,0,0],[-1,1,0,0
,0,0,-1,1,-1,0,0,1,-1,1,0,0,0,0,0,0],[0,0,0,1,1,-1,0,0,1,-1,0,0,1,-1,0,0,-1,1,
0,0],[-1,-1,0,0,1,1,-1,0,-1,1,0,0,0,0,0,0,0,0,0,0],[-1,0,1,-1,0,0,0,1,-1,1,-1,
0,-1,1,-1,1,0,-1,1,0],[1,0,-1,-1,0,0,1,0,1,-1,0,-1,0,-1,1,0,0,0,0,0],[1,0,0,0,
0,0,0,0,0,0,0,0,0,0,0,0,0,0,0,0],[-1,0,-1,0,0,1,-1,0,0,-1,1,0,0,0,0,0,0,0,-1,1
],[1,1,1,0,-1,-1,1,0,0,0,0,0,0,0,0,0,0,0,0,0],[-1,-1,0,0,0,1,-1,0,-1,1,0,0,0,1
,0,-1,1,0,0,0],[0,1,0,1,0,-1,0,0,0,-1,1,0,0,0,0,0,0,0,0,0],[-1,-1,0,0,1,0,0,0,
0,0,0,0,0,0,0,0,0,0,0,0],[0,1,0,0,0,0,0,0,0,0,0,0,0,0,0,0,0,0,0,0],[-1,0,-1,1,
0,0,-1,0,0,0,0,1,0,0,0,0,0,0,0,0],[0,-1,1,-1,0,0,0,0,0,1,-1,0,0,0,-1,1,0,0,0,0
],[0,-1,1,0,0,0,1,-1,0,0,0,-1,1,0,0,0,0,0,0,0],[-1,0,1,0,0,0,0,0,0,0,0,0,0,0,0
,0,0,0,0,0],[1,0,-1,-1,-1,1,0,0,0,0,0,0,0,0,0,0,0,0,0,0],[0,0,0,1,0,0,0,0,0,0,
0,0,0,0,0,0,0,0,0,0],[-1,0,-1,0,1,0,-1,1,0,0,0,0,0,0,0,0,0,0,0,0]],[[-1,0,0,1,
0,-1,1,0,0,0],[1,-1,0,0,0,1,-1,-1,1,0],[-1,0,-1,0,1,-1,1,0,-1,1],[1,1,0,-1,-1,
1,0,0,0,0],[1,0,0,0,0,0,0,0,0,0],[-1,0,1,0,0,-1,0,1,0,0],[-1,-1,0,1,0,0,0,0,0,
0],[-1,1,0,0,0,0,0,0,0,0],[0,-1,-1,0,1,0,0,0,0,0],[1,-1,1,0,0,0,0,0,0,0]],[[1,
0,-1,1,0],[-1,1,0,-1,1],[1,0,0,0,0],[-1,-1,1,0,0],[0,1,0,0,0]],[[1,-1,1,-1,1,0
,0,0,0,0,0,0,0,0,0,0,0,0,0,0],[0,0,1,-1,1,-1,0,1,-1,1,-1,1,0,0,0,0,0,0,0,0],[
-1,0,-1,1,-1,1,0,-1,1,0,0,0,0,0,0,0,0,0,0,0],[-1,1,-1,1,0,0,-1,1,0,0,0,1,-1,1,
0,0,0,0,0,0],[0,0,0,0,0,0,0,1,-1,0,-1,1,0,1,1,-1,-1,1,0,0],[1,0,0,-1,0,0,1,-1,
0,0,1,-1,0,-1,-1,1,0,0,0,0],[1,0,1,0,1,-1,-1,1,0,0,0,0,0,0,0,0,0,0,0,0],[-1,1,
-1,1,-2,1,1,-1,0,-1,0,-1,1,0,0,0,0,0,0,0],[-1,0,0,0,-1,0,1,-2,0,0,1,-1,1,-1,-1
,0,1,-1,-1,1],[0,0,-1,1,0,0,-1,1,0,0,0,1,-1,0,1,0,-1,0,1,0],[1,0,0,0,0,0,0,0,0
,0,0,0,0,0,0,0,0,0,0,0],[-1,1,0,0,0,0,0,0,0,0,0,0,0,0,0,0,0,0,0,0],[-1,0,-1,0,
0,1,0,0,0,0,0,0,0,0,0,0,0,0,0,0],[1,-1,1,-1,0,-1,0,0,0,1,0,0,0,0,0,0,0,0,0,0],
[0,0,1,0,0,-1,0,1,0,0,-1,0,0,0,1,0,0,0,0,0],[0,0,-1,1,0,1,0,-1,1,-1,1,-1,0,0,
-1,0,1,0,0,0],[-1,1,-2,1,-1,1,0,-1,0,-1,1,0,0,0,0,0,0,0,0,0],[0,-1,1,0,0,0,0,0
,0,0,0,0,0,0,0,0,0,0,0,0],[-1,1,-1,1,0,0,0,0,0,0,0,0,0,0,0,0,0,0,0,0],[-1,1,-1
,0,-1,0,1,0,0,0,0,0,0,0,0,0,0,0,0,0]],[[-1,1,-1,1,0,0,0,0,0,0],[1,-1,0,0,1,-1,
-1,1,0,0],[1,0,1,-1,-1,1,0,0,0,0],[-1,1,0,0,-1,0,1,0,-1,1],[0,0,1,0,-1,1,0,-1,
1,0],[-1,0,-1,0,1,0,0,0,0,0],[1,-1,1,-1,-1,0,1,0,0,0],[1,0,0,0,0,0,0,0,0,0],[
-1,1,0,0,0,0,0,0,0,0],[1,-1,1,0,0,0,0,0,0,0]],[[1,-1,1,0,0],[0,0,1,-1,1],[-1,0
,-1,1,0],[1,0,0,0,0],[-1,1,0,0,0]]],
0,
0,
0,
rec(CharacterParameters:=[[1,[18]],[1,[17,1]],[1,[16,2]],[1,[16,1,1]],[1,[15,3
]],[1,[15,2,1]],[1,[14,4]],[1,[14,3,1]],[1,[14,2,2]],[1,[14,2,1,1]],[1,[13,5]]
,[1,[13,4,1]],[1,[13,3,2]],[1,[13,3,1,1]],[1,[13,2,2,1]],[1,[12,6]],[1,[12,5,1
]],[1,[12,4,2]],[1,[12,4,1,1]],[1,[12,3,3]],[1,[12,3,2,1]],[1,[12,2,2,1,1]],[1
,[11,7]],[1,[11,6..1]],[1,[11,5,2]],[1,[11,5,1,1]],[1,[11,4,3]],[1,[11,4,2,1]]
,[1,[11,3,3,1]],[1,[11,3,2,2]],[1,[11,3,2,1,1]],[1,[10,8]],[1,[10,7,1]],[1,[10
,6..2]],[1,[10,6,1,1]],[1,[10,5,3]],[1,[10,5,2,1]],[1,[10,4,4]],[1,[10,4,3,1]]
,[1,[10,4,2,2]],[1,[10,4,2,1,1]],[1,[10,3,3,2]],[1,[10,3,3,1,1]],[1,[10,3,2,2,
1]],[1,[9,9]],[1,[9,8,1]],[1,[9,7,2]],[1,[9,7,1,1]],[1,[9,6..3]],[1,[9,6,2,1]]
,[1,[9,5,4]],[1,[9,5,3,1]],[1,[9,5,2,2]],[1,[9,5,2,1,1]],[1,[9,4,4,1]],[1,[9,4
,3,2]],[1,[9,4,3,1,1]],[1,[9,4,2,2,1]],[1,[9,3,3,2,1]],[1,[9,3,2,2,1,1]],[1,[8
,8,2]],[1,[8,8,1,1]],[1,[8,7,3]],[1,[8,7,2,1]],[1,[8,6..4]],[1,[8,6,3,1]],[1,[
8,6,2,2]],[1,[8,6,2,1,1]],[1,[8,5,5]],[1,[8,5,4,1]],[1,[8,5,3,2]],[1,[8,5,3,1,
1]],[1,[8,5,2,2,1]],[1,[8,4,4,2]],[1,[8,4,4,1,1]],[1,[8,4,3,3]],[1,[8,4,3,2,1]
],[1,[8,4,2,2,1,1]],[1,[8,3,3,2,2]],[1,[8,3,3,2,1,1]],[1,[7,7,4]],[1,[7,7,3,1]
],[1,[7,7,2,2]],[1,[7,7,2,1,1]],[1,[7,6..5]],[1,[7,6,4,1]],[1,[7,6,3,2]],[1,[7
,6,3,1,1]],[1,[7,6,2,2,1]],[1,[7,5,5,1]],[1,[7,5,4,2]],[1,[7,5,4,1,1]],[1,[7,5
,3,3]],[1,[7,5,3,2,1]],[1,[7,5,2,2,1,1]],[1,[7,4,4,3]],[1,[7,4,4,2,1]],[1,[7,4
,3,3,1]],[1,[7,4,3,2,2]],[1,[7,4,3,2,1,1]],[1,[7,3,3,2,2,1]],[1,[6,6,5,1]],[1,
[6,6,4,2]],[1,[6,6,4,1,1]],[1,[6,6,3,3]],[1,[6,6,3,2,1]],[1,[6,6,2,2,1,1]],[1,
[6,5,5,2]],[1,[6,5,5,1,1]],[1,[6,5..3]],[1,[6,5,4,2,1]],[1,[6,5,3,3,1]],[1,[6,
5,3,2,2]],[1,[6,5,3,2,1,1]],[1,[6,4,4,3,1]],[1,[6,4,4,2,2]],[1,[6,4,4,2,1,1]],
[1,[6,4,3,3,2]],[1,[6,4,3,3,1,1]],[1,[6,4,3,2,2,1]],[1,[6,3,3,2,2,1,1]],[1,[5,
5,4,4]],[1,[5,5,4,3,1]],[1,[5,5,4,2,2]],[1,[5,5,4,2,1,1]],[1,[5,5,3,3,2]],[1,[
5,5,3,3,1,1]],[1,[5,5,3,2,2,1]],[1,[5,4,4,3,2]],[1,[5,4,4,3,1,1]],[1,[5,4,4,2,
2,1]],[1,[5,4,3,3,2,1]],[1,[5,4,3,2,2,1,1]],[1,[4,4,3,3,2,2]],[1,[4,4,3,3,2,1,
1]]]));

MBT("Sym(18)",5,
"(no info text)",
[4,2,19,1,2,1,13,4,10,1,9,8,4,4,2,4,5,4,2,10,2,4,28,2,26,1,2,3,19,1,1,9,19,5,4
,19,1,2,3,1,19,2,1,36,13,1,13,8,2,5,13,17,4,1,2,15,2,13,1,14,4,10,1,9,1,13,8,
10,9,35,8,34,4,9,4,8,4,1,10,3,8,10,2,9,1,2,4,19,5,4,2,5,13,17,4,4,4,9,4,8,4,4,
33,5,4,32,31,4,30,2,4,3,7,4,2,5,1,28,19,1,2,3,2,2,1,2,15,2,4,10,26,1,10,3,8,10
,2,2,26,29,2,4,3,7,4,2,2,28,3,28,26,2,27,1,1,5,1,2,25,1,19,13,1,14,9,4,1,10,3,
1,9,24,19,9,1,19,2,4,3,7,5,19,23,19,4,5,1,1,19,22,3,19,21,2,1,20,13,8,4,1,15,8
,10,2,13,1,9,1,8,13,18,2,17,2,4,2,13,5,14,4,5,1,17,13,1,2,14,16,2,1,15,13,4,3,
8,4,2,12,4,10,9,4,5,1,4,9,8,11,10,1,2,1,3,10,9,8,7,2,5,3,4,6],
[3,3,2,3,2,0,1,2,2,2,0,0,2,1,1,0,1,0,2,0,0,0,0,0,0,1,0,1,0,0,0,0,0,0,0,0],
[[1,5,6,10,14,35,40,41,45,57,58,60,72,86,88,91,99,100,105,112,129,130,132,138,
145,147,151,152,160,163,177,178,183,186,191,194,197,233,241,314],[2,4,7,9,20,
21,25,31,33,36,47,59,80,92,93,97,98,101,104,118,119,121,123,134,150,153,174,
196,207,209,215,217,218,223,226,228,238,240,242,283],[3,8,27,30,52,56,83,149,
157,172,184,213,221,231],[11,12,16,17,19,22,24,28,29,37,62,63,67,68,71,74,76,
78,81,84,106,114,120,139,161,165,173,187,216,219,222,236,263,265,268,271,272,
273,275,277],[13,15,18,32,73,111,113,116,162,164,170,198,269,282],,,[38,43,49,
50,64,66,82,124,128,136,140,230,274,308],[39,42,44,54,69,70,75,131,176,179,182
,188,276,310],[46,48,51,53,55,61,77,135,185,227,229,232,235,311],,,[85,89,90,
95,108,109,117,125,127,133,141,192,281,313],,,,,,[143,144,148,154,156,159,166,
167,169,175,180,193,247,286]],
[,,,,,,[[4,5],[3,4],[2,3],[1,2]],,,,,,,7,7,,7,,,,,,,,,7,,7],
[[[-1,1,-1,1,0,0,-1,1,-1,-1,1,-1,0,1,-1,1,1,-1,1,0,-1,1,-1,1,0,0,0,0,0,0,0,0,0
,0,0,0,0,0,0,0],[1,-2,1,-2,1,0,1,-2,2,2,-2,2,0,0,1,-1,-1,1,-1,0,1,-1,1,-1,-1,1
,1,-1,1,0,-1,1,-1,1,0,0,0,0,0,0],[-1,3,-1,2,-2,1,0,2,-1,-2,1,-2,1,0,-2,1,2,-1,
2,-1,0,1,-1,1,2,-1,-2,1,-2,1,0,-1,1,-1,1,-1,1,0,0,0],[1,-2,0,-1,2,-1,0,-2,1,1,
0,1,-1,0,2,-1,-1,0,-1,1,0,-1,1,0,-2,1,1,0,1,-1,0,1,-1,0,-1,1,0,0,0,0],[-1,1,-1
,1,0,0,-1,1,-1,-1,1,-1,0,0,0,1,0,-1,1,1,-1,0,-1,1,0,0,0,0,0,0,0,0,0,0,0,1,0,0,
-1,1],[2,-3,2,-2,1,-1,1,-2,2,2,-2,3,0,-1,2,-2,-2,2,-3,0,1,-1,1,-2,-1,0,1,0,1,
-1,0,1,0,1,-1,0,-1,-1,1,0],[-2,2,-1,2,-1,0,-1,2,-2,-1,1,-1,0,1,-2,2,1,-1,1,0,
-1,1,-1,0,1,0,-1,0,0,1,0,-1,0,0,1,0,0,0,0,0],[1,0,1,-1,-1,1,1,0,1,0,-1,0,1,-1,
0,-1,0,1,0,-1,1,0,0,0,0,0,0,0,0,0,0,0,0,0,0,0,0,0,0,0],[1,-1,1,-1,0,0,1,-1,1,1
,-1,1,0,0,0,0,0,0,0,0,0,0,0,0,0,0,0,0,0,0,0,0,0,0,0,0,0,0,0,0],[-2,3,-2,3,-1,0
,-1,2,-3,-2,3,-3,-1,0,-1,1,1,-1,1,0,-1,1,0,1,1,-1,-1,1,-1,0,1,-1,0,-1,0,0,0,1,
0,0],[2,-2,1,-3,1,1,1,-2,3,1,-2,1,1,0,1,-1,-1,1,0,0,1,-1,0,0,-1,1,1,-1,0,0,-1,
1,0,0,0,0,0,0,0,0],[-1,0,-1,2,1,-2,-1,0,-2,0,2,0,-2,0,0,1,0,-1,0,1,-1,0,0,0,0,
-1,0,1,0,-1,1,0,0,0,0,0,0,0,0,0],[-2,2,-2,2,0,0,-1,1,-1,-1,1,-1,0,1,-1,1,1,-1,
1,0,0,0,0,0,0,0,0,0,0,0,0,0,0,0,0,0,0,0,0,0],[2,-3,2,-3,1,0,0,-1,1,1,-1,1,0,0,
1,-1,-1,1,-1,0,0,0,0,0,-1,1,1,-1,1,0,0,0,0,0,0,0,0,0,0,0],[-2,2,-1,3,-1,-1,0,1
,-1,-1,1,0,0,0,-1,1,1,-1,0,0,0,0,0,0,1,-1,-1,1,0,0,0,0,0,0,0,0,0,0,0,0],[1,0,1
,-2,-1,2,0,0,1,0,-1,0,1,0,0,-1,0,1,0,-1,0,0,0,0,0,1,0,-1,0,1,0,0,0,0,0,0,0,0,0
,0],[1,-2,0,-1,1,0,0,-1,0,1,0,0,0,0,1,0,-1,0,0,0,0,0,0,0,-1,0,1,0,0,0,0,0,0,0,
0,0,0,0,0,0],[3,-2,2,-2,0,0,2,-2,2,1,-1,1,0,-2,2,-2,-1,1,-1,0,1,-1,1,0,0,0,0,0
,0,0,0,0,0,0,0,0,0,0,0,0],[-4,4,-2,4,-2,0,-2,4,-4,-2,2,-2,0,0,-2,2,1,-1,1,0,-1
,1,-1,0,2,-2,-1,1,-1,0,1,-1,1,0,0,0,0,0,0,0],[2,-1,0,-1,1,0,0,-1,1,0,0,0,0,0,1
,-1,0,0,0,0,0,0,0,0,-1,1,0,0,0,0,0,0,0,0,0,0,0,0,0,0],[-1,1,0,0,-1,0,0,1,0,0,0
,0,0,0,-1,0,0,0,0,0,0,0,0,0,1,0,0,0,0,0,0,0,0,0,0,0,0,0,0,0],[-1,1,-1,1,0,0,0,
0,0,0,0,0,0,0,0,0,0,0,0,0,0,0,0,0,0,0,0,0,0,0,0,0,0,0,0,0,0,0,0,0],[2,-1,1,-1,
0,0,1,-1,1,0,0,0,0,0,0,0,0,0,0,0,0,0,0,0,0,0,0,0,0,0,0,0,0,0,0,0,0,0,0,0],[-4,
2,-3,3,1,-1,-3,2,-3,-1,2,-1,-1,2,-1,1,1,-1,0,0,-1,1,0,0,0,0,0,0,0,0,0,0,0,0,0,
0,0,0,0,0],[1,0,1,-1,-1,1,1,0,1,0,-1,0,1,0,0,0,0,0,0,0,0,0,0,0,0,0,0,0,0,0,0,0
,0,0,0,0,0,0,0,0],[-3,1,-1,1,0,0,-1,1,-1,0,0,0,0,1,-1,1,0,0,0,0,0,0,0,0,0,0,0,
0,0,0,0,0,0,0,0,0,0,0,0,0],[4,-2,3,-3,-1,1,2,-1,1,1,-1,0,0,-2,1,-1,-1,1,0,0,0,
0,0,0,0,0,0,0,0,0,0,0,0,0,0,0,0,0,0,0],[-2,0,-2,2,2,-2,-1,0,-1,0,1,0,-1,1,0,1,
0,-1,0,1,0,0,0,0,0,0,0,0,0,0,0,0,0,0,0,0,0,0,0,0],[-2,2,-1,1,0,0,-1,1,0,-1,0,0
,0,1,-1,0,1,0,0,0,0,0,0,0,0,0,0,0,0,0,0,0,0,0,0,0,0,0,0,0],[-1,0,-1,0,1,0,-1,0
,0,0,0,0,0,1,0,0,0,0,0,0,0,0,0,0,0,0,0,0,0,0,0,0,0,0,0,0,0,0,0,0],[2,-1,1,0,0,
0,1,-1,0,0,0,0,0,-1,1,0,0,0,0,0,0,0,0,0,0,0,0,0,0,0,0,0,0,0,0,0,0,0,0,0],[1,0,
0,0,0,0,0,0,0,0,0,0,0,0,0,0,0,0,0,0,0,0,0,0,0,0,0,0,0,0,0,0,0,0,0,0,0,0,0,0],[
-3,1,-2,2,1,-1,-2,1,-1,-1,1,0,0,0,0,0,0,0,0,0,0,0,0,0,0,0,0,0,0,0,0,0,0,0,0,0,
0,0,0,0],[1,0,1,-1,-1,1,0,0,0,0,0,0,0,0,0,0,0,0,0,0,0,0,0,0,0,0,0,0,0,0,0,0,0,
0,0,0,0,0,0,0],[2,-2,1,-1,0,0,1,-1,0,1,0,0,0,0,0,0,0,0,0,0,0,0,0,0,0,0,0,0,0,0
,0,0,0,0,0,0,0,0,0,0],[1,0,1,0,-1,0,1,0,0,0,0,0,0,0,0,0,0,0,0,0,0,0,0,0,0,0,0,
0,0,0,0,0,0,0,0,0,0,0,0,0],[-2,1,-1,0,0,0,-1,1,0,0,0,0,0,0,0,0,0,0,0,0,0,0,0,0
,0,0,0,0,0,0,0,0,0,0,0,0,0,0,0,0],[-1,1,0,0,0,0,0,0,0,0,0,0,0,0,0,0,0,0,0,0,0,
0,0,0,0,0,0,0,0,0,0,0,0,0,0,0,0,0,0,0],[-1,0,-1,0,1,0,0,0,0,0,0,0,0,0,0,0,0,0,
0,0,0,0,0,0,0,0,0,0,0,0,0,0,0,0,0,0,0,0,0,0],[1,-1,1,0,0,0,0,0,0,0,0,0,0,0,0,0
,0,0,0,0,0,0,0,0,0,0,0,0,0,0,0,0,0,0,0,0,0,0,0,0]],[[-1,1,-1,1,-1,1,-1,-1,1,-1
,0,0,0,1,-1,1,1,-1,1,-1,1,-1,1,0,0,0,0,0,0,0,0,0,0,0,0,0,0,0,0,0],[1,-1,0,0,2,
-1,2,1,-2,1,-1,1,0,0,1,-1,0,0,-1,1,-1,1,-1,0,-1,1,0,0,1,-1,1,-1,1,-1,1,0,0,0,0
,0],[-1,1,0,-1,-2,0,-1,0,2,0,2,-2,1,0,-2,1,0,0,2,-1,0,-1,1,1,2,-1,0,0,-2,1,-2,
1,0,1,-1,-1,1,-1,1,0],[-1,1,-1,1,-1,1,-1,-1,1,-1,0,0,0,0,0,1,0,-1,1,0,1,-1,1,
-1,0,0,0,1,0,0,0,0,0,0,0,0,0,0,-1,1],[2,-2,2,-1,2,-1,2,1,-3,2,-1,1,0,-1,2,-2,
-1,2,-3,1,-1,1,-2,0,-1,0,1,-1,1,0,1,-1,0,-1,0,1,-1,1,0,0],[-1,1,-2,2,0,1,-1,-1
,1,-2,-1,1,-1,1,0,1,1,-2,1,0,1,0,1,-1,-1,1,-1,1,0,0,0,0,0,0,0,0,0,0,0,0],[1,0,
1,-1,0,-1,1,0,0,1,1,-1,1,-1,0,-1,0,1,0,0,-1,0,0,1,0,0,0,0,0,0,0,0,0,0,0,0,0,0,
0,0],[-2,1,-1,1,-2,1,-2,0,1,-1,1,0,0,1,-2,2,0,-1,1,-1,1,-1,0,0,1,0,0,0,-1,0,0,
1,0,0,0,-1,1,0,0,0],[1,-1,1,-1,1,-1,1,1,-1,1,0,0,0,0,0,0,0,0,0,0,0,0,0,0,0,0,0
,0,0,0,0,0,0,0,0,0,0,0,0,0],[-2,2,-1,1,-2,1,-3,-1,3,-2,1,-1,-1,0,-1,1,0,0,1,-1
,1,0,1,0,1,-1,-1,0,-1,1,-1,1,-1,1,0,0,0,0,0,0],[2,-1,0,-1,2,-1,3,0,-1,1,-1,0,1
,0,1,-1,0,0,0,1,-1,0,0,0,-1,1,0,0,1,-1,0,-1,1,0,0,0,0,0,0,0],[-1,0,0,1,0,1,-2,
0,0,-1,-1,1,-2,0,0,1,0,0,0,0,1,0,0,-1,0,-1,0,0,0,1,0,0,-1,0,0,1,0,0,0,0],[-1,1
,0,0,-2,0,-1,0,1,0,1,0,0,0,-1,0,0,0,0,-1,0,0,0,0,1,0,0,0,-1,0,0,1,0,0,0,0,0,0,
0,0],[-2,2,-2,2,-1,1,-1,-1,1,-1,0,0,0,1,-1,1,1,-1,1,0,0,0,0,0,0,0,0,0,0,0,0,0,
0,0,0,0,0,0,0,0],[2,-2,1,-1,1,0,1,0,-1,0,-1,1,0,0,1,-1,0,0,-1,0,0,0,0,0,-1,1,0
,0,1,-1,1,0,0,0,0,0,0,0,0,0],[-2,1,0,1,-1,0,-1,0,0,0,1,0,0,0,-1,1,0,0,0,0,0,0,
0,0,1,-1,0,0,-1,1,0,0,0,0,0,0,0,0,0,0],[1,-1,0,0,1,0,0,0,0,0,-1,0,0,0,1,0,0,0,
0,0,0,0,0,0,-1,0,0,0,1,0,0,0,0,0,0,0,0,0,0,0],[3,-2,2,-2,2,-2,2,1,-1,1,0,0,0,
-2,2,-2,-1,1,-1,1,-1,1,0,0,0,0,0,0,0,0,0,0,0,0,0,0,0,0,0,0],[-1,1,-1,1,0,0,0,0
,0,0,0,0,0,0,0,0,0,0,0,0,0,0,0,0,0,0,0,0,0,0,0,0,0,0,0,0,0,0,0,0],[3,-3,4,-4,1
,-2,2,2,-2,3,1,-1,1,-2,1,-1,-2,2,-1,1,-1,0,-1,0,1,-1,1,0,0,0,0,0,0,0,0,0,0,0,0
,0],[-4,2,-3,3,-2,3,-3,-1,1,-2,-1,1,-1,2,-1,1,1,-1,0,-1,1,0,0,0,0,0,0,0,0,0,0,
0,0,0,0,0,0,0,0,0],[1,0,1,-1,0,-1,1,0,0,1,1,-1,1,0,0,0,0,0,0,0,0,0,0,0,0,0,0,0
,0,0,0,0,0,0,0,0,0,0,0,0],[2,-2,1,-1,2,-1,1,1,-1,0,0,0,0,-1,1,0,-1,0,0,1,0,0,0
,0,0,0,0,0,0,0,0,0,0,0,0,0,0,0,0,0],[-1,1,-2,2,0,1,0,-1,0,-1,-1,1,0,1,0,0,1,-1
,0,0,0,0,0,0,-1,1,0,0,0,0,0,0,0,0,0,0,0,0,0,0],[4,-2,3,-3,1,-2,1,1,0,1,1,-1,0,
-2,1,-1,-1,1,0,0,0,0,0,0,0,0,0,0,0,0,0,0,0,0,0,0,0,0,0,0],[-2,2,-1,1,-1,1,0,-1
,0,0,0,0,0,1,-1,0,1,0,0,0,0,0,0,0,0,0,0,0,0,0,0,0,0,0,0,0,0,0,0,0],[-1,0,-1,0,
0,1,0,0,0,0,-1,0,0,1,0,0,0,0,0,0,0,0,0,0,0,0,0,0,0,0,0,0,0,0,0,0,0,0,0,0],[1,
-1,1,-1,0,-1,0,1,0,0,1,0,0,-1,0,0,-1,0,0,0,0,0,0,0,1,0,0,0,0,0,0,0,0,0,0,0,0,0
,0,0],[2,-1,1,-1,1,-1,1,0,0,0,0,0,0,0,0,0,0,0,0,0,0,0,0,0,0,0,0,0,0,0,0,0,0,0,
0,0,0,0,0,0],[-3,1,-1,1,-1,1,-1,0,0,0,0,0,0,1,-1,1,0,0,0,0,0,0,0,0,0,0,0,0,0,0
,0,0,0,0,0,0,0,0,0,0],[2,-1,1,0,1,-1,0,0,0,0,0,0,0,-1,1,0,0,0,0,0,0,0,0,0,0,0,
0,0,0,0,0,0,0,0,0,0,0,0,0,0],[-2,2,-1,1,-2,1,-1,-1,1,0,0,0,0,0,0,0,0,0,0,0,0,0
,0,0,0,0,0,0,0,0,0,0,0,0,0,0,0,0,0,0],[1,0,0,0,0,0,0,0,0,0,0,0,0,0,0,0,0,0,0,0
,0,0,0,0,0,0,0,0,0,0,0,0,0,0,0,0,0,0,0,0],[-3,1,-2,2,-1,2,-1,-1,0,-1,-1,1,0,0,
0,0,0,0,0,0,0,0,0,0,0,0,0,0,0,0,0,0,0,0,0,0,0,0,0,0],[2,-2,1,-1,1,-1,0,1,0,0,0
,0,0,0,0,0,0,0,0,0,0,0,0,0,0,0,0,0,0,0,0,0,0,0,0,0,0,0,0,0],[1,0,1,0,0,-1,0,0,
0,0,1,0,0,0,0,0,0,0,0,0,0,0,0,0,0,0,0,0,0,0,0,0,0,0,0,0,0,0,0,0],[-2,1,-1,0,-1
,1,0,0,0,0,0,0,0,0,0,0,0,0,0,0,0,0,0,0,0,0,0,0,0,0,0,0,0,0,0,0,0,0,0,0],[-1,1,
0,0,0,0,0,0,0,0,0,0,0,0,0,0,0,0,0,0,0,0,0,0,0,0,0,0,0,0,0,0,0,0,0,0,0,0,0,0],[
1,-1,0,0,1,0,0,0,0,0,0,0,0,0,0,0,0,0,0,0,0,0,0,0,0,0,0,0,0,0,0,0,0,0,0,0,0,0,0
,0],[1,-1,1,0,0,0,0,0,0,0,0,0,0,0,0,0,0,0,0,0,0,0,0,0,0,0,0,0,0,0,0,0,0,0,0,0,
0,0,0,0]],[[1,0,-1,1,1,-1,1,-1,1,-1,1,0,0,0],[-1,1,1,-2,-1,2,-2,0,-1,1,-1,1,-1
,1],[1,-1,-1,2,0,-1,1,0,1,-1,0,-1,1,0],[-1,1,0,-1,0,1,0,0,-1,0,0,1,0,0],[1,0,
-1,1,1,-1,1,0,0,0,0,0,0,0],[-2,0,2,-2,-1,1,-1,1,-1,1,0,0,0,0],[2,0,-1,1,1,-1,0
,-1,1,0,0,0,0,0],[-1,-1,1,0,-1,0,0,1,0,0,0,0,0,0],[1,0,-1,1,0,0,0,0,0,0,0,0,0,
0],[-2,0,1,-1,-1,1,0,0,0,0,0,0,0,0],[1,1,-1,0,1,0,0,0,0,0,0,0,0,0],[1,0,0,0,0,
0,0,0,0,0,0,0,0,0],[-1,-1,1,0,0,0,0,0,0,0,0,0,0,0],[0,1,0,0,0,0,0,0,0,0,0,0,0,
0]],[[-1,1,-1,1,-1,1,-1,-1,1,-1,1,-1,1,1,-1,1,-1,1,-1,1,0,0,0,0,0,0,0,0,0,0,0,
0,0,0,0,0,0,0,0,0],[1,-1,0,0,1,0,0,0,0,-1,-1,0,-1,0,1,0,0,-1,0,0,1,-1,1,0,-1,1
,-1,0,1,-1,1,0,-1,1,-1,1,0,0,0,0],[-1,1,0,0,-1,0,0,0,0,1,1,0,2,0,-2,1,0,2,-1,1
,-1,1,-1,-1,1,-1,1,1,-1,1,-1,-1,1,-1,1,-1,-1,1,-1,1],[1,-1,2,-2,1,-2,2,2,-2,3,
0,1,-1,-1,1,-2,1,-1,2,-2,-1,1,-1,1,1,-1,1,-1,-1,1,-1,1,0,0,0,0,0,0,0,0],[-1,1,
-2,2,0,1,-1,-1,1,-2,0,-1,1,1,-1,2,0,0,-1,1,1,-1,1,-1,-1,1,-1,1,0,0,0,0,0,0,0,0
,0,0,0,0],[1,0,1,-1,0,-1,1,0,0,1,0,1,-1,0,0,-1,0,0,1,0,-1,1,-1,1,0,0,0,0,0,0,0
,0,0,0,0,0,0,0,0,0],[2,-2,1,-1,1,0,1,0,-1,0,-2,1,-3,-1,3,-2,0,-1,1,-1,1,-1,0,1
,-1,1,0,-1,1,-1,1,0,-1,1,-1,0,1,-1,1,0],[-2,1,0,1,-1,0,-1,0,0,0,2,-1,3,0,-1,1,
0,1,-1,0,-1,0,0,-1,1,-1,0,0,-1,1,0,0,1,-1,0,0,-1,1,0,0],[1,-1,0,0,1,0,0,0,0,0,
-2,0,-1,0,1,0,0,-1,0,0,1,0,0,0,-1,0,0,0,1,0,0,0,-1,0,0,0,1,0,0,0],[1,-1,1,-1,1
,-1,1,1,-1,1,0,0,0,0,0,0,0,0,0,0,0,0,0,0,0,0,0,0,0,0,0,0,0,0,0,0,0,0,0,0],[-2,
2,-1,1,-1,0,-1,0,1,0,1,0,1,0,-1,0,0,0,0,0,-1,1,0,0,1,-1,0,0,-1,1,-1,0,1,-1,1,0
,0,0,0,0],[2,-1,0,-1,1,0,1,0,0,0,-1,0,-1,0,0,0,0,0,0,0,1,0,0,0,-1,1,0,0,1,-1,0
,0,-1,1,0,0,0,0,0,0],[-1,1,0,0,-1,0,0,0,0,0,1,0,0,0,0,0,0,0,0,0,-1,0,0,0,1,0,0
,0,-1,0,0,0,1,0,0,0,0,0,0,0],[-2,2,-2,2,-1,1,-1,-1,1,-1,1,-1,1,1,-1,1,0,0,0,0,
0,0,0,0,0,0,0,0,0,0,0,0,0,0,0,0,0,0,0,0],[3,-2,2,-2,2,-2,2,1,-1,1,-2,2,-2,-1,1
,-1,1,-1,1,0,0,0,0,0,0,0,0,0,0,0,0,0,0,0,0,0,0,0,0,0],[-2,2,-1,1,-2,1,-1,-1,1,
0,2,-1,1,1,-1,0,-1,1,0,0,0,0,0,0,0,0,0,0,0,0,0,0,0,0,0,0,0,0,0,0],[-1,1,-2,2,
-1,2,-2,-2,2,-3,0,-1,0,1,0,1,-1,0,-1,1,1,-1,1,0,-1,1,-1,0,1,-1,1,0,0,0,0,0,0,0
,0,0],[3,-3,4,-4,1,-2,2,2,-2,3,-1,2,-1,-2,1,-2,1,0,1,-1,-1,1,-1,0,1,-1,1,0,0,0
,0,0,0,0,0,0,0,0,0,0],[-4,2,-3,3,-2,3,-3,-1,1,-2,1,-2,1,1,0,1,-1,0,-1,0,1,-1,1
,0,0,0,0,0,0,0,0,0,0,0,0,0,0,0,0,0],[2,-2,1,-1,2,-1,1,1,-1,0,-1,1,0,-1,0,0,1,0
,0,0,0,0,0,0,0,0,0,0,0,0,0,0,0,0,0,0,0,0,0,0],[-1,1,-2,2,0,1,0,-1,0,-1,0,-1,0,
1,0,1,0,0,0,0,1,-1,0,0,-1,1,0,0,0,0,0,0,0,0,0,0,0,0,0,0],[2,-1,3,-2,1,-3,2,1,
-1,2,0,2,0,-1,0,-1,1,0,1,0,-2,1,-1,0,1,-1,0,0,-1,1,0,0,0,0,0,0,0,0,0,0],[-1,1,
-1,1,-1,1,-1,-1,1,0,0,-1,0,1,0,0,-1,0,0,0,1,0,0,0,-1,0,0,0,1,0,0,0,0,0,0,0,0,0
,0,0],[-1,0,-1,0,0,1,0,0,0,0,0,-1,0,0,0,0,0,0,0,0,1,0,0,0,0,0,0,0,0,0,0,0,0,0,
0,0,0,0,0,0],[1,-1,1,-1,0,-1,0,1,0,0,0,1,0,-1,0,0,0,0,0,0,-1,0,0,0,1,0,0,0,0,0
,0,0,0,0,0,0,0,0,0,0],[-1,1,-1,1,0,0,0,0,0,0,0,0,0,0,0,0,0,0,0,0,0,0,0,0,0,0,0
,0,0,0,0,0,0,0,0,0,0,0,0,0],[4,-2,3,-3,1,-2,1,1,0,1,-1,2,-1,-1,0,-1,0,0,0,0,-1
,1,0,0,0,0,0,0,0,0,0,0,0,0,0,0,0,0,0,0],[-2,2,-1,1,-1,1,0,-1,0,0,1,-1,0,1,0,0,
0,0,0,0,0,0,0,0,0,0,0,0,0,0,0,0,0,0,0,0,0,0,0,0],[2,-1,1,-1,1,-1,1,0,0,0,0,0,0
,0,0,0,0,0,0,0,0,0,0,0,0,0,0,0,0,0,0,0,0,0,0,0,0,0,0,0],[-3,1,-1,1,-1,1,-1,0,0
,0,1,-1,1,0,0,0,0,0,0,0,0,0,0,0,0,0,0,0,0,0,0,0,0,0,0,0,0,0,0,0],[2,-1,1,0,1,
-1,0,0,0,0,-1,1,0,0,0,0,0,0,0,0,0,0,0,0,0,0,0,0,0,0,0,0,0,0,0,0,0,0,0,0],[-2,2
,-1,1,-2,1,-1,-1,1,0,0,0,0,0,0,0,0,0,0,0,0,0,0,0,0,0,0,0,0,0,0,0,0,0,0,0,0,0,0
,0],[4,-4,2,-2,2,-1,1,1,-1,0,-2,1,-1,-1,1,0,0,0,0,0,0,0,0,0,0,0,0,0,0,0,0,0,0,
0,0,0,0,0,0,0],[-1,1,0,0,-1,0,0,0,0,0,1,0,0,0,0,0,0,0,0,0,0,0,0,0,0,0,0,0,0,0,
0,0,0,0,0,0,0,0,0,0],[1,0,0,0,0,0,0,0,0,0,0,0,0,0,0,0,0,0,0,0,0,0,0,0,0,0,0,0,
0,0,0,0,0,0,0,0,0,0,0,0],[-1,1,0,0,0,0,0,0,0,0,0,0,0,0,0,0,0,0,0,0,0,0,0,0,0,0
,0,0,0,0,0,0,0,0,0,0,0,0,0,0],[2,-2,1,-1,1,-1,0,1,0,0,0,0,0,0,0,0,0,0,0,0,0,0,
0,0,0,0,0,0,0,0,0,0,0,0,0,0,0,0,0,0],[1,-1,0,0,1,0,0,0,0,0,0,0,0,0,0,0,0,0,0,0
,0,0,0,0,0,0,0,0,0,0,0,0,0,0,0,0,0,0,0,0],[-2,1,-1,0,-1,1,0,0,0,0,0,0,0,0,0,0,
0,0,0,0,0,0,0,0,0,0,0,0,0,0,0,0,0,0,0,0,0,0,0,0],[1,-1,1,0,0,0,0,0,0,0,0,0,0,0
,0,0,0,0,0,0,0,0,0,0,0,0,0,0,0,0,0,0,0,0,0,0,0,0,0,0]],[[1,-1,1,0,0,1,-1,1,-1,
1,-1,1,0,0],[-1,1,0,-1,1,-1,1,-2,0,0,1,-1,-1,1],[1,-1,0,1,-1,0,0,1,0,0,-1,0,1,
0],[1,-1,1,0,0,1,-1,1,0,0,0,0,0,0],[-2,2,-2,0,0,-1,1,-1,1,-1,1,0,0,0],[1,-1,2,
-1,1,1,-1,0,-1,1,0,0,0,0],[-1,0,-1,1,0,-1,0,0,1,0,0,0,0,0],[1,-1,1,0,0,0,0,0,0
,0,0,0,0,0],[-1,1,-2,1,-1,-1,1,0,0,0,0,0,0,0],[1,0,1,-1,0,1,0,0,0,0,0,0,0,0],[
0,0,1,-1,1,0,0,0,0,0,0,0,0,0],[-1,0,-1,1,0,0,0,0,0,0,0,0,0,0],[1,0,0,0,0,0,0,0
,0,0,0,0,0,0],[-1,1,0,0,0,0,0,0,0,0,0,0,0,0]],,,[[1,0,-1,1,1,-1,1,-1,1,-1,1,0,
0,0],[-1,1,0,-1,0,1,0,0,-1,0,0,1,-1,1],[1,0,-1,1,1,-1,1,0,0,0,0,0,0,0],[-1,-1,
2,-1,-2,1,-2,1,0,1,-1,-1,1,0],[1,1,-2,1,1,0,1,-1,0,-1,0,1,0,0],[-1,-1,1,0,-1,0
,0,1,0,0,0,0,0,0],[-2,0,2,-2,-1,1,-1,1,-1,1,0,0,0,0],[2,0,-1,1,1,-1,0,-1,1,0,0
,0,0,0],[1,0,-1,1,0,0,0,0,0,0,0,0,0,0],[-2,0,1,-1,-1,1,0,0,0,0,0,0,0,0],[1,1,
-1,0,1,0,0,0,0,0,0,0,0,0],[1,0,0,0,0,0,0,0,0,0,0,0,0,0],[-1,-1,1,0,0,0,0,0,0,0
,0,0,0,0],[0,1,0,0,0,0,0,0,0,0,0,0,0,0]],[[1,-1,1,0,1,-1,1,0,-1,1,-1,1,0,0],[
-1,1,0,-1,0,1,0,-1,0,0,1,0,-1,1],[1,-1,1,0,1,-1,1,0,0,0,0,0,0,0],[-1,1,-2,1,-2
,1,-2,1,1,-1,0,-1,1,0],[1,-1,2,-1,1,0,1,-1,-1,1,0,0,0,0],[-1,0,-1,1,-1,0,0,0,1
,0,0,0,0,0],[-2,2,-2,0,-1,1,-1,0,1,-1,1,0,0,0],[1,-1,1,0,0,0,0,0,0,0,0,0,0,0],
[-1,1,-2,1,-1,0,-1,1,0,0,0,0,0,0],[1,0,1,-1,1,0,0,0,0,0,0,0,0,0],[-2,1,-1,0,-1
,1,0,0,0,0,0,0,0,0],[1,0,0,0,0,0,0,0,0,0,0,0,0,0],[-1,0,-1,1,0,0,0,0,0,0,0,0,0
,0],[-1,1,0,0,0,0,0,0,0,0,0,0,0,0]],[[1,-1,1,1,-1,1,0,0,0,-1,1,-1,1,0],[-1,1,0
,-1,0,0,1,-1,1,0,0,0,-1,1],[1,-1,1,1,-1,1,0,0,0,0,0,0,0,0],[-1,1,-2,-1,2,-2,-1
,1,-1,1,-1,1,0,0],[1,-1,2,0,-1,1,1,-1,0,-1,1,0,0,0],[-1,0,-1,0,1,0,-1,0,0,1,0,
0,0,0],[0,0,1,0,-1,1,1,-1,1,0,0,0,0,0],[-1,1,-2,0,1,-1,-1,1,0,0,0,0,0,0],[1,0,
1,0,-1,0,1,0,0,0,0,0,0,0],[1,-1,1,0,0,0,0,0,0,0,0,0,0,0],[-2,1,-1,-1,1,0,0,0,0
,0,0,0,0,0],[1,-1,0,1,0,0,0,0,0,0,0,0,0,0],[1,0,0,0,0,0,0,0,0,0,0,0,0,0],[-1,1
,0,0,0,0,0,0,0,0,0,0,0,0]],,,[[1,-1,1,0,1,-1,1,-1,1,-1,1,0,0,0],[0,0,1,-1,1,0,
1,-1,0,-1,1,1,-1,1],[-1,1,-2,1,-2,1,-2,1,0,1,-1,-1,1,0],[1,-1,2,-1,1,0,1,-1,0,
-1,0,1,0,0],[-1,0,-1,1,-1,0,0,1,0,0,0,0,0,0],[1,-1,1,0,1,-1,1,0,0,0,0,0,0,0],[
-2,2,-2,0,-1,1,-1,1,-1,1,0,0,0,0],[2,-1,1,0,1,-1,0,-1,1,0,0,0,0,0],[1,-1,1,0,0
,0,0,0,0,0,0,0,0,0],[-2,1,-1,0,-1,1,0,0,0,0,0,0,0,0],[1,0,1,-1,1,0,0,0,0,0,0,0
,0,0],[1,0,0,0,0,0,0,0,0,0,0,0,0,0],[-1,0,-1,1,0,0,0,0,0,0,0,0,0,0],[-1,1,0,0,
0,0,0,0,0,0,0,0,0,0]],,,,,,[[1,-1,1,1,-1,1,-1,1,-1,1,0,0,0,0],[0,0,1,0,-1,1,0,
1,-1,1,-1,1,-1,1],[-1,1,-2,-1,2,-2,0,-1,1,-1,1,-1,1,0],[1,-1,2,0,-1,1,0,1,-1,0
,-1,1,0,0],[-1,0,-1,0,1,0,0,-1,0,0,1,0,0,0],[1,-1,1,1,-1,1,0,0,0,0,0,0,0,0],[
-2,2,-2,-1,1,-1,1,-1,1,0,0,0,0,0],[2,-1,1,1,-1,0,-1,1,0,0,0,0,0,0],[-1,1,0,-1,
0,0,1,0,0,0,0,0,0,0],[1,-1,1,0,0,0,0,0,0,0,0,0,0,0],[-2,1,-1,-1,1,0,0,0,0,0,0,
0,0,0],[1,-1,0,1,0,0,0,0,0,0,0,0,0,0],[1,0,0,0,0,0,0,0,0,0,0,0,0,0],[-1,1,0,0,
0,0,0,0,0,0,0,0,0,0]]],
0,
0,
0,
rec(CharacterParameters:=[[1,[18]],[1,[17,1]],[1,[16,2]],[1,[16,1,1]],[1,[15,3
]],[1,[15,2,1]],[1,[15,1,1,1]],[1,[14,4]],[1,[14,3,1]],[1,[14,2,2]],[1,[14,2,1
,1]],[1,[14,1,1,1,1]],[1,[13,5]],[1,[13,4,1]],[1,[13,3,2]],[1,[13,3,1,1]],[1,[
13,2,2,1]],[1,[13,2,1,1,1]],[1,[12,6]],[1,[12,5,1]],[1,[12,4,2]],[1,[12,4,1,1]
],[1,[12,3,3]],[1,[12,3,2,1]],[1,[12,3,1,1,1]],[1,[12,2,2,2]],[1,[12,2,2,1,1]]
,[1,[12,2,1,1,1,1]],[1,[11,7]],[1,[11,6..1]],[1,[11,5,2]],[1,[11,5,1,1]],[1,[
11,4,3]],[1,[11,4,2,1]],[1,[11,4,1,1,1]],[1,[11,3,3,1]],[1,[11,3,2,2]],[1,[11,
3,2,1,1]],[1,[11,3,1,1,1,1]],[1,[11,2,2,2,1]],[1,[11,2,2,1,1,1]],[1,[10,8]],[1
,[10,7,1]],[1,[10,6..2]],[1,[10,6,1,1]],[1,[10,5,3]],[1,[10,5,2,1]],[1,[10,5,1
,1,1]],[1,[10,4,4]],[1,[10,4,3,1]],[1,[10,4,2,2]],[1,[10,4,2,1,1]],[1,[10,4,1,
1,1,1]],[1,[10,3,3,2]],[1,[10,3,3,1,1]],[1,[10,3,2,2,1]],[1,[10,3,2,1,1,1]],[1
,[10,2,2,2,2]],[1,[10,2,2,2,1,1]],[1,[10,2,2,1,1,1,1]],[1,[9,9]],[1,[9,8,1]],[
1,[9,7,2]],[1,[9,7,1,1]],[1,[9,6..3]],[1,[9,6,2,1]],[1,[9,6,1,1,1]],[1,[9,5,4]
],[1,[9,5,3,1]],[1,[9,5,2,2]],[1,[9,5,2,1,1]],[1,[9,5,1,1,1,1]],[1,[9,4,4,1]],
[1,[9,4,3,2]],[1,[9,4,3,1,1]],[1,[9,4,2,2,1]],[1,[9,4,2,1,1,1]],[1,[9,3,3,3]],
[1,[9,3,3,2,1]],[1,[9,3,3,1,1,1]],[1,[9,3,2,2,2]],[1,[9,3,2,2,1,1]],[1,[9,3,2,
1,1,1,1]],[1,[9,2,2,2,2,1]],[1,[9,2,2,2,1,1,1]],[1,[8,8,2]],[1,[8,8,1,1]],[1,[
8,7,3]],[1,[8,7,2,1]],[1,[8,7,1,1,1]],[1,[8,6..4]],[1,[8,6,3,1]],[1,[8,6,2,2]]
,[1,[8,6,2,1,1]],[1,[8,6,1,1,1,1]],[1,[8,5,5]],[1,[8,5,4,1]],[1,[8,5,3,2]],[1,
[8,5,3,1,1]],[1,[8,5,2,2,1]],[1,[8,5,2,1,1,1]],[1,[8,4,4,2]],[1,[8,4,4,1,1]],[
1,[8,4,3,3]],[1,[8,4,3,2,1]],[1,[8,4,3,1,1,1]],[1,[8,4,2,2,2]],[1,[8,4,2,2,1,1
]],[1,[8,4,2,1,1,1,1]],[1,[8,3,3,3,1]],[1,[8,3,3,2,2]],[1,[8,3,3,2,1,1]],[1,[8
,3,3,1,1,1,1]],[1,[8,3,2,2,2,1]],[1,[8,3,2,2,1,1,1]],[1,[8,2,2,2,2,1,1]],[1,[8
,2,2,2,1,1,1,1]],[1,[7,7,4]],[1,[7,7,3,1]],[1,[7,7,2,2]],[1,[7,7,2,1,1]],[1,[7
,7,1,1,1,1]],[1,[7,6..5]],[1,[7,6,4,1]],[1,[7,6,3,2]],[1,[7,6,3,1,1]],[1,[7,6,
2,2,1]],[1,[7,6,2,1,1,1]],[1,[7,5,5,1]],[1,[7,5,4,2]],[1,[7,5,4,1,1]],[1,[7,5,
3,3]],[1,[7,5,3,2,1]],[1,[7,5,3,1,1,1]],[1,[7,5,2,2,2]],[1,[7,5,2,2,1,1]],[1,[
7,5,2,1,1,1,1]],[1,[7,4,4,3]],[1,[7,4,4,2,1]],[1,[7,4,4,1,1,1]],[1,[7,4,3,3,1]
],[1,[7,4,3,2,2]],[1,[7,4,3,2,1,1]],[1,[7,4,3,1,1,1,1]],[1,[7,4,2,2,2,1]],[1,[
7,4,2,2,1,1,1]],[1,[7,3,3,3,2]],[1,[7,3,3,3,1,1]],[1,[7,3,3,2,2,1]],[1,[7,3,3,
2,1,1,1]],[1,[7,3,2,2,2,2]],[1,[7,3,2,2,2,1,1]],[1,[7,3,2,2,1,1,1,1]],[1,[7,2,
2,2,2,1,1,1]],[1,[6,6,6]],[1,[6,6,5,1]],[1,[6,6,4,2]],[1,[6,6,4,1,1]],[1,[6,6,
3,3]],[1,[6,6,3,2,1]],[1,[6,6,3,1,1,1]],[1,[6,6,2,2,2]],[1,[6,6,2,2,1,1]],[1,[
6,6,2,1,1,1,1]],[1,[6,5,5,2]],[1,[6,5,5,1,1]],[1,[6,5..3]],[1,[6,5,4,2,1]],[1,
[6,5,4,1,1,1]],[1,[6,5,3,3,1]],[1,[6,5,3,2,2]],[1,[6,5,3,2,1,1]],[1,[6,5,3,1,1
,1,1]],[1,[6,5,2,2,2,1]],[1,[6,5,2,2,1,1,1]],[1,[6,4,4,4]],[1,[6,4,4,3,1]],[1,
[6,4,4,2,2]],[1,[6,4,4,2,1,1]],[1,[6,4,4,1,1,1,1]],[1,[6,4,3,3,2]],[1,[6,4,3,3
,1,1]],[1,[6,4,3,2,2,1]],[1,[6,4,3,2,1,1,1]],[1,[6,4,2,2,2,2]],[1,[6,4,2,2,2,1
,1]],[1,[6,4,2,2,1,1,1,1]],[1,[6,3,3,3,3]],[1,[6,3,3,3,2,1]],[1,[6,3,3,3,1,1,1
]],[1,[6,3,3,2,2,2]],[1,[6,3,3,2,2,1,1]],[1,[6,3,3,2,1,1,1,1]],[1,[6,3,2,2,2,2
,1]],[1,[6,3,2,2,2,1,1,1]],[1,[6,2,2,2,2,1,1,1,1]],[1,[5,5,5,3]],[1,[5,5,5,2,1
]],[1,[5,5,5,1,1,1]],[1,[5,5,4,4]],[1,[5,5,4,3,1]],[1,[5,5,4,2,2]],[1,[5,5,4,2
,1,1]],[1,[5,5,4,1,1,1,1]],[1,[5,5,3,3,2]],[1,[5,5,3,3,1,1]],[1,[5,5,3,2,2,1]]
,[1,[5,5,3,2,1,1,1]],[1,[5,5,2,2,2,2]],[1,[5,5,2,2,2,1,1]],[1,[5,5,2,2,1,1,1,1
]],[1,[5,4,4,4,1]],[1,[5,4,4,3,2]],[1,[5,4,4,3,1,1]],[1,[5,4,4,2,2,1]],[1,[5,4
,4,2,1,1,1]],[1,[5,4,3,3,3]],[1,[5,4,3,3,2,1]],[1,[5,4,3,3,1,1,1]],[1,[5,4,3,2
,2,2]],[1,[5,4,3,2,2,1,1]],[1,[5,4,3,2,1,1,1,1]],[1,[5,4,2,2,2,2,1]],[1,[5,4,2
,2,2,1,1,1]],[1,[5,3,3,3,3,1]],[1,[5,3,3,3,2,2]],[1,[5,3,3,3,2,1,1]],[1,[5,3,3
,3,1,1,1,1]],[1,[5,3,3,2,2,2,1]],[1,[5,3,3,2,2,1,1,1]],[1,[5,3,2,2,2,2,1,1]],[
1,[5,3,2,2,2,1,1,1,1]],[1,[4,4,4,4,2]],[1,[4,4,4,4,1,1]],[1,[4,4,4,3,3]],[1,[4
,4,4,3,2,1]],[1,[4,4,4,3,1,1,1]],[1,[4,4,4,2,2,2]],[1,[4,4,4,2,2,1,1]],[1,[4,4
,4,2,1,1,1,1]],[1,[4,4,3,3,3,1]],[1,[4,4,3,3,2,2]],[1,[4,4,3,3,2,1,1]],[1,[4,4
,3,3,1,1,1,1]],[1,[4,4,3,2,2,2,1]],[1,[4,4,3,2,2,1,1,1]],[1,[4,4,2,2,2,2,1,1]]
,[1,[4,4,2,2,2,1,1,1,1]],[1,[4,3,3,3,3,2]],[1,[4,3,3,3,3,1,1]],[1,[4,3,3,3,2,2
,1]],[1,[4,3,3,3,2,1,1,1]],[1,[4,3,3,2,2,2,2]],[1,[4,3,3,2,2,2,1,1]],[1,[4,3,3
,2,2,1,1,1,1]],[1,[4,3,2,2,2,2,1,1,1]],[1,[3,3,3,3,2,2,2]],[1,[3,3,3,3,2,2,1,1
]],[1,[3,3,3,3,2,1,1,1,1]],[1,[3,3,3,2,2,2,2,1]],[1,[3,3,3,2,2,2,1,1,1]],[1,[3
,3,2,2,2,2,1,1,1,1]]]));

MBT("Sym(18)",7,
"(no info text)",
[13,5,3,2,3,68,1,5,2,57,1,56,13,48,2,44,1,42,41,89,13,5,32,3,30,29,1,28,27,26,
13,13,88,13,22,5,13,3,2,16,13,15,14,13,5,48,5,32,22,5,13,87,86,85,5,84,10,3,2,
5,8,1,7,5,6,3,2,2,44,3,30,29,83,3,2,16,13,82,10,3,2,5,8,81,80,3,79,2,78,77,1,2
,3,57,1,68,1,42,3,76,1,28,27,22,3,68,75,15,14,13,10,3,74,68,73,1,7,5,6,72,71,
68,3,1,2,3,70,1,68,69,2,1,67,56,41,5,30,1,28,56,66,26,5,2,16,57,15,14,56,65,64
,13,63,2,5,57,1,7,5,62,61,5,60,57,1,2,3,56,59,2,58,56,1,57,13,32,44,29,1,42,27
,55,41,26,54,48,13,2,53,13,15,42,52,13,41,51,13,10,2,44,48,8,1,7,50,48,6,41,49
,48,5,47,1,2,42,44,46,3,45,44,2,41,42,1,43,5,13,40,3,16,29,13,39,28,14,27,13,
38,37,26,13,36,3,30,5,32,8,35,1,34,5,27,32,6,33,26,32,5,1,28,30,3,29,31,3,26,
29,30,2,27,28,1,3,22,2,5,25,13,8,24,23,7,14,5,22,13,6,22,21,13,5,20,15,2,16,3,
19,13,18,3,17,13,16,2,14,15,1,1,2,10,5,3,12,11,6,3,10,8,5,2,9,7,1,4],
[2,2,2,0,2,1,1,1,0,1,0,0,2,1,1,1,0,0,0,0,0,1,0,0,0,1,1,1,1,1,0,1,0,0,0,0,0,0,0
,0,1,1,0,1,0,0,0,1,0,0,0,0,0,0,0,1,1,0,0,0,0,0,0,0,0,0,0,1,0,0,0,0,0,0,0,0,0,0
,0,0,0,0,0,0,0,0,0,0,0],
[[1,6,8,15,16,37,42,88,89,105,117,144,146,159,170,195,201,204,213,222,241,247,
253,258,266,281,285],[2,5,9,21,23,36,48,49,60,82,94,150,151,158,174,186,206,
208,212,225,235,248,257,296,303,309,316],[3,4,10,26,29,33,52,54,58,84,98,99,
102,123,138,154,211,255,256,259,270,277,283,298,304,310,314],,[11,13,18,20,24,
34,63,65,73,81,107,108,115,121,141,162,216,217,220,224,236,243,264,302,330,335
,338],,,,,,,,[38,39,45,46,51,56,62,66,71,79,124,126,130,135,140,176,177,180,
184,187,199,227,272,307,334,352,354]],
[,,,,,[[6,7],[5,6],[4,5],[3,4],[2,3],[1,2]],6,6,,6,,,,6,6,6,,,,,,6,,,,6,6,6,6,
6,,6,,,,,,,,,6,6,,6,,,,6,,,,,,,,6,6,,,,,,,,,,,6],
[[[1,-1,1,1,-1,1,0,-1,1,-1,1,1,-1,1,-1,1,-1,1,-1,1,-1,1,0,0,0,0,0],[-1,2,-1,-2
,1,-2,1,1,-2,2,-2,-1,2,-2,2,-2,0,-1,1,-1,1,-1,1,-1,1,-1,1],[1,-2,1,2,-1,2,-1,
-1,2,-2,2,0,-1,1,-1,1,0,1,-1,1,-1,0,-1,1,-1,1,0],[-1,2,-1,-2,1,-2,1,0,-1,1,-1,
0,1,-1,1,0,0,-1,1,-1,0,0,1,-1,1,0,0],[1,-2,1,1,0,1,-1,0,1,-1,0,0,-1,1,0,0,0,1,
-1,0,0,0,-1,1,0,0,0],[-1,1,0,-1,0,0,1,0,-1,0,0,0,1,0,0,0,0,-1,0,0,0,0,1,0,0,0,
0],[1,-1,1,1,-1,1,0,-1,1,-1,1,1,-1,1,-1,1,0,0,0,0,0,0,0,0,0,0,0],[-2,2,-2,-2,2
,-2,0,2,-2,2,-2,-1,1,-1,1,-1,1,-1,1,-1,1,0,0,0,0,0,0],[2,-2,2,2,-2,2,0,-1,1,-1
,1,1,-1,1,-1,0,-1,1,-1,1,0,0,0,0,0,0,0],[-2,2,-2,-1,1,-1,0,1,-1,1,0,-1,1,-1,0,
0,1,-1,1,0,0,0,0,0,0,0,0],[2,-1,1,1,-1,0,0,-1,1,0,0,1,-1,0,0,0,-1,1,0,0,0,0,0,
0,0,0,0],[-1,0,-1,0,1,0,-1,1,0,0,0,-1,0,0,0,0,1,0,0,0,0,0,0,0,0,0,0],[1,-1,1,1
,-1,1,0,-1,1,-1,1,0,0,0,0,0,0,0,0,0,0,0,0,0,0,0,0],[-2,2,-2,-2,2,-2,0,1,-1,1,
-1,-1,1,-1,1,0,0,0,0,0,0,0,0,0,0,0,0],[2,-2,2,1,-1,1,0,-1,1,-1,0,1,-1,1,0,0,0,
0,0,0,0,0,0,0,0,0,0],[-2,1,-1,-1,1,0,0,1,-1,0,0,-1,1,0,0,0,0,0,0,0,0,0,0,0,0,0
,0],[1,0,1,0,-1,0,1,-1,0,0,0,1,0,0,0,0,0,0,0,0,0,0,0,0,0,0,0],[1,-1,1,1,-1,1,0
,0,0,0,0,0,0,0,0,0,0,0,0,0,0,0,0,0,0,0,0],[-2,2,-2,-1,1,-1,0,1,-1,1,0,0,0,0,0,
0,0,0,0,0,0,0,0,0,0,0,0],[2,-1,1,1,-1,0,0,-1,1,0,0,0,0,0,0,0,0,0,0,0,0,0,0,0,0
,0,0],[-1,0,-1,0,1,0,-1,1,0,0,0,0,0,0,0,0,0,0,0,0,0,0,0,0,0,0,0],[1,-1,1,0,0,0
,0,0,0,0,0,0,0,0,0,0,0,0,0,0,0,0,0,0,0,0,0],[-2,1,-1,-1,1,0,0,0,0,0,0,0,0,0,0,
0,0,0,0,0,0,0,0,0,0,0,0],[1,0,1,0,-1,0,1,0,0,0,0,0,0,0,0,0,0,0,0,0,0,0,0,0,0,0
,0],[1,-1,0,1,0,0,0,0,0,0,0,0,0,0,0,0,0,0,0,0,0,0,0,0,0,0,0],[1,0,0,0,0,0,0,0,
0,0,0,0,0,0,0,0,0,0,0,0,0,0,0,0,0,0,0],[-1,1,0,0,0,0,0,0,0,0,0,0,0,0,0,0,0,0,0
,0,0,0,0,0,0,0,0]],[[1,-1,1,1,-1,1,-1,1,-1,1,0,1,-1,1,-1,1,-1,1,-1,1,-1,1,0,0,
0,0,0],[-1,1,0,-2,1,-1,2,-1,1,-2,-1,-1,2,-1,2,-2,0,-1,0,-1,1,-1,1,-1,1,-1,1],[
1,-1,0,2,-1,1,-2,1,-1,2,1,0,-1,0,-1,1,0,1,0,1,-1,0,-1,1,-1,1,0],[-1,1,0,-2,1,
-1,1,0,0,-1,-1,0,1,0,1,0,0,-1,0,-1,0,0,1,-1,1,0,0],[1,-1,0,1,0,0,-1,0,0,0,1,0,
-1,0,0,0,0,1,0,0,0,0,-1,1,0,0,0],[1,-1,1,1,-1,1,-1,1,-1,1,0,1,-1,1,-1,1,0,0,0,
0,0,0,0,0,0,0,0],[-2,2,-2,-2,2,-2,2,-2,2,-2,0,-1,1,-1,1,-1,1,-1,1,-1,1,0,0,0,0
,0,0],[2,-2,2,2,-2,2,-1,1,-1,1,0,1,-1,1,-1,0,-1,1,-1,1,0,0,0,0,0,0,0],[-2,2,-2
,-1,1,-1,1,-1,1,0,0,-1,1,-1,0,0,1,-1,1,0,0,0,0,0,0,0,0],[1,-1,2,0,-1,1,0,1,-1,
0,-1,1,0,1,0,0,-1,0,-1,0,0,0,1,0,0,0,0],[-1,0,-1,0,1,0,0,-1,0,0,1,-1,0,0,0,0,1
,0,0,0,0,0,0,0,0,0,0],[2,-1,1,1,-1,0,-1,1,0,0,0,1,-1,0,0,0,-1,1,0,0,0,0,0,0,0,
0,0],[1,-1,1,1,-1,1,-1,1,-1,1,0,0,0,0,0,0,0,0,0,0,0,0,0,0,0,0,0],[-2,2,-2,-2,2
,-2,1,-1,1,-1,0,-1,1,-1,1,0,0,0,0,0,0,0,0,0,0,0,0],[2,-2,2,1,-1,1,-1,1,-1,0,0,
1,-1,1,0,0,0,0,0,0,0,0,0,0,0,0,0],[-2,1,-1,-1,1,0,1,-1,0,0,0,-1,1,0,0,0,0,0,0,
0,0,0,0,0,0,0,0],[1,0,1,0,-1,0,0,1,0,0,-1,1,0,0,0,0,0,0,0,0,0,0,0,0,0,0,0],[1,
-1,1,1,-1,1,0,0,0,0,0,0,0,0,0,0,0,0,0,0,0,0,0,0,0,0,0],[-2,2,-2,-1,1,-1,1,-1,1
,0,0,0,0,0,0,0,0,0,0,0,0,0,0,0,0,0,0],[2,-1,1,1,-1,0,-1,1,0,0,0,0,0,0,0,0,0,0,
0,0,0,0,0,0,0,0,0],[-1,0,-1,0,1,0,0,-1,0,0,1,0,0,0,0,0,0,0,0,0,0,0,0,0,0,0,0],
[-1,1,0,-1,0,0,1,0,0,0,0,0,0,0,0,0,0,0,0,0,0,0,0,0,0,0,0],[1,-1,1,0,0,0,0,0,0,
0,0,0,0,0,0,0,0,0,0,0,0,0,0,0,0,0,0],[-2,1,-1,-1,1,0,0,0,0,0,0,0,0,0,0,0,0,0,0
,0,0,0,0,0,0,0,0],[1,-1,0,1,0,0,0,0,0,0,0,0,0,0,0,0,0,0,0,0,0,0,0,0,0,0,0],[1,
0,0,0,0,0,0,0,0,0,0,0,0,0,0,0,0,0,0,0,0,0,0,0,0,0,0],[-1,1,0,0,0,0,0,0,0,0,0,0
,0,0,0,0,0,0,0,0,0,0,0,0,0,0,0]],[[1,-1,1,1,-1,1,-1,1,-1,1,1,-1,1,-1,1,0,0,-1,
1,-1,1,-1,1,0,0,0,0],[-1,1,0,-2,1,-1,2,-1,1,-2,-2,1,-1,2,-2,1,-1,0,0,1,-1,1,-1
,-1,1,-1,1],[1,-1,0,2,-1,1,-2,1,-1,2,1,0,0,-1,1,-1,1,0,0,-1,1,-1,0,1,-1,1,0],[
-1,1,0,-2,1,-1,1,0,0,-1,-1,0,0,1,0,1,-1,0,0,1,-1,0,0,-1,1,0,0],[1,-1,0,1,0,0,
-1,0,0,0,1,0,0,0,0,-1,1,0,0,-1,0,0,0,1,0,0,0],[1,-1,1,1,-1,1,-1,1,-1,1,1,-1,1,
-1,1,0,0,0,0,0,0,0,0,0,0,0,0],[-2,2,-2,-2,2,-2,2,-2,2,-2,-1,1,-1,1,-1,0,0,1,-1
,1,-1,1,0,0,0,0,0],[2,-2,2,2,-2,2,-1,1,-1,1,1,-1,1,-1,0,0,0,-1,1,-1,1,0,0,0,0,
0,0],[-2,2,-2,-1,1,-1,1,-1,1,0,-1,1,-1,0,0,0,0,1,-1,1,0,0,0,0,0,0,0],[1,-1,2,0
,-1,1,0,1,-1,0,0,-1,1,0,0,1,-1,-1,1,0,0,0,0,0,0,0,0],[-1,0,-1,0,1,0,0,-1,0,0,0
,1,0,0,0,-1,0,1,0,0,0,0,0,0,0,0,0],[1,-1,1,1,-1,1,-1,1,-1,1,0,0,0,0,0,0,0,0,0,
0,0,0,0,0,0,0,0],[-2,2,-2,-2,2,-2,1,-1,1,-1,-1,1,-1,1,0,0,0,0,0,0,0,0,0,0,0,0,
0],[2,-2,2,1,-1,1,-1,1,-1,0,1,-1,1,0,0,0,0,0,0,0,0,0,0,0,0,0,0],[-1,1,-2,0,1,
-1,0,-1,1,0,0,1,-1,0,0,-1,1,0,0,0,0,0,0,0,0,0,0],[1,0,1,0,-1,0,0,1,0,0,0,-1,0,
0,0,1,0,0,0,0,0,0,0,0,0,0,0],[-2,1,-1,-1,1,0,1,-1,0,0,-1,1,0,0,0,0,0,0,0,0,0,0
,0,0,0,0,0],[1,-1,0,1,0,0,-1,0,0,0,1,0,0,0,0,0,0,0,0,0,0,0,0,0,0,0,0],[1,-1,1,
1,-1,1,0,0,0,0,0,0,0,0,0,0,0,0,0,0,0,0,0,0,0,0,0],[-2,2,-2,-1,1,-1,1,-1,1,0,0,
0,0,0,0,0,0,0,0,0,0,0,0,0,0,0,0],[2,-1,1,1,-1,0,-1,1,0,0,0,0,0,0,0,0,0,0,0,0,0
,0,0,0,0,0,0],[-1,1,0,-1,0,0,1,0,0,0,0,0,0,0,0,0,0,0,0,0,0,0,0,0,0,0,0],[1,-1,
1,0,0,0,0,0,0,0,0,0,0,0,0,0,0,0,0,0,0,0,0,0,0,0,0],[-2,1,-1,-1,1,0,0,0,0,0,0,0
,0,0,0,0,0,0,0,0,0,0,0,0,0,0,0],[1,-1,0,1,0,0,0,0,0,0,0,0,0,0,0,0,0,0,0,0,0,0,
0,0,0,0,0],[1,0,0,0,0,0,0,0,0,0,0,0,0,0,0,0,0,0,0,0,0,0,0,0,0,0,0],[-1,1,0,0,0
,0,0,0,0,0,0,0,0,0,0,0,0,0,0,0,0,0,0,0,0,0,0]],,[[1,-1,1,1,-1,1,-1,1,-1,1,1,-1
,1,-1,1,0,-1,1,-1,1,-1,1,0,0,0,0,0],[-1,1,0,-1,0,0,2,-1,1,-1,-2,1,-1,1,-2,1,0,
-1,0,0,1,-1,1,-1,1,-1,1],[1,-1,0,1,0,0,-2,1,-1,1,1,0,0,0,1,-1,0,1,0,0,-1,0,-1,
1,-1,1,0],[-1,1,0,-1,0,0,1,0,0,0,-1,0,0,0,0,1,0,-1,0,0,0,0,1,-1,1,0,0],[1,-1,1
,1,-1,1,-1,1,-1,1,1,-1,1,-1,1,0,0,0,0,0,0,0,0,0,0,0,0],[-2,2,-2,-2,2,-2,2,-2,2
,-2,-1,1,-1,1,-1,0,1,-1,1,-1,1,0,0,0,0,0,0],[2,-2,2,2,-2,2,-1,1,-1,1,1,-1,1,-1
,0,0,-1,1,-1,1,0,0,0,0,0,0,0],[-1,1,-2,-1,2,-2,0,-1,1,-1,0,1,-1,1,0,-1,1,0,1,
-1,0,0,-1,1,0,0,0],[1,-1,2,0,-1,1,0,1,-1,0,0,-1,1,0,0,1,-1,0,-1,0,0,0,1,0,0,0,
0],[-1,0,-1,0,1,0,0,-1,0,0,0,1,0,0,0,-1,1,0,0,0,0,0,0,0,0,0,0],[-2,2,-2,-1,1,
-1,1,-1,1,0,-1,1,-1,0,0,0,1,-1,1,0,0,0,0,0,0,0,0],[2,-1,1,1,-1,0,-1,1,0,0,1,-1
,0,0,0,0,-1,1,0,0,0,0,0,0,0,0,0],[1,-1,1,1,-1,1,-1,1,-1,1,0,0,0,0,0,0,0,0,0,0,
0,0,0,0,0,0,0],[-2,2,-2,-2,2,-2,1,-1,1,-1,-1,1,-1,1,0,0,0,0,0,0,0,0,0,0,0,0,0]
,[2,-2,2,1,-1,1,-1,1,-1,0,1,-1,1,0,0,0,0,0,0,0,0,0,0,0,0,0,0],[-2,1,-1,-1,1,0,
1,-1,0,0,-1,1,0,0,0,0,0,0,0,0,0,0,0,0,0,0,0],[1,0,1,0,-1,0,0,1,0,0,0,-1,0,0,0,
1,0,0,0,0,0,0,0,0,0,0,0],[1,-1,0,1,0,0,-1,0,0,0,1,0,0,0,0,0,0,0,0,0,0,0,0,0,0,
0,0],[1,-1,1,1,-1,1,0,0,0,0,0,0,0,0,0,0,0,0,0,0,0,0,0,0,0,0,0],[-2,2,-2,-1,1,
-1,1,-1,1,0,0,0,0,0,0,0,0,0,0,0,0,0,0,0,0,0,0],[2,-1,1,1,-1,0,-1,1,0,0,0,0,0,0
,0,0,0,0,0,0,0,0,0,0,0,0,0],[-1,1,0,-1,0,0,1,0,0,0,0,0,0,0,0,0,0,0,0,0,0,0,0,0
,0,0,0],[1,-1,1,0,0,0,0,0,0,0,0,0,0,0,0,0,0,0,0,0,0,0,0,0,0,0,0],[-2,1,-1,-1,1
,0,0,0,0,0,0,0,0,0,0,0,0,0,0,0,0,0,0,0,0,0,0],[1,-1,0,1,0,0,0,0,0,0,0,0,0,0,0,
0,0,0,0,0,0,0,0,0,0,0,0],[1,0,0,0,0,0,0,0,0,0,0,0,0,0,0,0,0,0,0,0,0,0,0,0,0,0,
0],[-1,1,0,0,0,0,0,0,0,0,0,0,0,0,0,0,0,0,0,0,0,0,0,0,0,0,0]],,,,,,,,[[1,-1,1,1
,-1,1,-1,1,-1,1,1,-1,1,-1,1,-1,1,-1,1,-1,1,0,0,0,0,0,0],[-1,1,0,-1,0,0,1,0,0,0
,-2,1,-1,1,-1,1,0,0,0,0,-1,-1,1,-1,1,-1,1],[1,-1,0,1,0,0,-1,0,0,0,1,0,0,0,0,-1
,0,0,0,0,0,1,-1,1,-1,1,0],[1,-1,1,1,-1,1,-1,1,-1,1,1,-1,1,-1,1,0,0,0,0,0,0,0,0
,0,0,0,0],[-2,2,-2,-2,2,-2,2,-2,2,-2,-1,1,-1,1,-1,1,-1,1,-1,1,0,0,0,0,0,0,0],[
1,-1,2,1,-2,2,-1,2,-2,2,0,-1,1,-1,1,0,1,-1,1,-1,0,-1,1,-1,1,0,0],[-1,1,-2,-1,2
,-2,0,-1,1,-1,0,1,-1,1,0,0,-1,1,-1,0,0,1,-1,1,0,0,0],[1,-1,2,0,-1,1,0,1,-1,0,0
,-1,1,0,0,0,1,-1,0,0,0,-1,1,0,0,0,0],[-1,0,-1,0,1,0,0,-1,0,0,0,1,0,0,0,0,-1,0,
0,0,0,1,0,0,0,0,0],[2,-2,2,2,-2,2,-1,1,-1,1,1,-1,1,-1,0,-1,1,-1,1,0,0,0,0,0,0,
0,0],[-2,2,-2,-1,1,-1,1,-1,1,0,-1,1,-1,0,0,1,-1,1,0,0,0,0,0,0,0,0,0],[2,-1,1,1
,-1,0,-1,1,0,0,1,-1,0,0,0,-1,1,0,0,0,0,0,0,0,0,0,0],[-1,1,0,-1,0,0,1,0,0,0,-1,
0,0,0,0,1,0,0,0,0,0,0,0,0,0,0,0],[1,-1,1,1,-1,1,-1,1,-1,1,0,0,0,0,0,0,0,0,0,0,
0,0,0,0,0,0,0],[-2,2,-2,-2,2,-2,1,-1,1,-1,-1,1,-1,1,0,0,0,0,0,0,0,0,0,0,0,0,0]
,[2,-2,2,1,-1,1,-1,1,-1,0,1,-1,1,0,0,0,0,0,0,0,0,0,0,0,0,0,0],[-2,1,-1,-1,1,0,
1,-1,0,0,-1,1,0,0,0,0,0,0,0,0,0,0,0,0,0,0,0],[1,-1,0,1,0,0,-1,0,0,0,1,0,0,0,0,
0,0,0,0,0,0,0,0,0,0,0,0],[1,-1,1,1,-1,1,0,0,0,0,0,0,0,0,0,0,0,0,0,0,0,0,0,0,0,
0,0],[-2,2,-2,-1,1,-1,1,-1,1,0,0,0,0,0,0,0,0,0,0,0,0,0,0,0,0,0,0],[2,-1,1,1,-1
,0,-1,1,0,0,0,0,0,0,0,0,0,0,0,0,0,0,0,0,0,0,0],[-1,1,0,-1,0,0,1,0,0,0,0,0,0,0,
0,0,0,0,0,0,0,0,0,0,0,0,0],[1,-1,1,0,0,0,0,0,0,0,0,0,0,0,0,0,0,0,0,0,0,0,0,0,0
,0,0],[-2,1,-1,-1,1,0,0,0,0,0,0,0,0,0,0,0,0,0,0,0,0,0,0,0,0,0,0],[1,-1,0,1,0,0
,0,0,0,0,0,0,0,0,0,0,0,0,0,0,0,0,0,0,0,0,0],[1,0,0,0,0,0,0,0,0,0,0,0,0,0,0,0,0
,0,0,0,0,0,0,0,0,0,0],[-1,1,0,0,0,0,0,0,0,0,0,0,0,0,0,0,0,0,0,0,0,0,0,0,0,0,0]
]],
0,
0,
0,
rec(CharacterParameters:=[[1,[18]],[1,[17,1]],[1,[16,2]],[1,[16,1,1]],[1,[15,3
]],[1,[15,2,1]],[1,[15,1,1,1]],[1,[14,4]],[1,[14,3,1]],[1,[14,2,2]],[1,[14,2,1
,1]],[1,[14,1,1,1,1]],[1,[13,5]],[1,[13,4,1]],[1,[13,3,2]],[1,[13,3,1,1]],[1,[
13,2,2,1]],[1,[13,2,1,1,1]],[1,[13,1,1,1,1,1]],[1,[12,6]],[1,[12,5,1]],[1,[12,
4,2]],[1,[12,4,1,1]],[1,[12,3,3]],[1,[12,3,2,1]],[1,[12,3,1,1,1]],[1,[12,2,2,2
]],[1,[12,2,2,1,1]],[1,[12,2,1,1,1,1]],[1,[12,1,1,1,1,1,1]],[1,[11,7]],[1,[11,
6..1]],[1,[11,5,2]],[1,[11,5,1,1]],[1,[11,4,3]],[1,[11,4,2,1]],[1,[11,4,1,1,1]
],[1,[11,3,3,1]],[1,[11,3,2,2]],[1,[11,3,2,1,1]],[1,[11,3,1,1,1,1]],[1,[11,2,2
,2,1]],[1,[11,2,2,1,1,1]],[1,[11,2,1,1,1,1,1]],[1,[10,8]],[1,[10,7,1]],[1,[10,
6..2]],[1,[10,6,1,1]],[1,[10,5,3]],[1,[10,5,2,1]],[1,[10,5,1,1,1]],[1,[10,4,4]
],[1,[10,4,3,1]],[1,[10,4,2,2]],[1,[10,4,2,1,1]],[1,[10,4,1,1,1,1]],[1,[10,3,3
,2]],[1,[10,3,3,1,1]],[1,[10,3,2,2,1]],[1,[10,3,2,1,1,1]],[1,[10,3,1,1,1,1,1]]
,[1,[10,2,2,2,2]],[1,[10,2,2,2,1,1]],[1,[10,2,2,1,1,1,1]],[1,[10,2,1,1,1,1,1,1
]],[1,[9,9]],[1,[9,8,1]],[1,[9,7,2]],[1,[9,7,1,1]],[1,[9,6..3]],[1,[9,6,2,1]],
[1,[9,6,1,1,1]],[1,[9,5,4]],[1,[9,5,3,1]],[1,[9,5,2,2]],[1,[9,5,2,1,1]],[1,[9,
5,1,1,1,1]],[1,[9,4,4,1]],[1,[9,4,3,2]],[1,[9,4,3,1,1]],[1,[9,4,2,2,1]],[1,[9,
4,2,1,1,1]],[1,[9,4,1,1,1,1,1]],[1,[9,3,3,3]],[1,[9,3,3,2,1]],[1,[9,3,3,1,1,1]
],[1,[9,3,2,2,2]],[1,[9,3,2,2,1,1]],[1,[9,3,2,1,1,1,1]],[1,[9,3,1,1,1,1,1,1]],
[1,[9,2,2,2,2,1]],[1,[9,2,2,2,1,1,1]],[1,[9,2,2,1,1,1,1,1]],[1,[8,8,2]],[1,[8,
8,1,1]],[1,[8,7,3]],[1,[8,7,2,1]],[1,[8,7,1,1,1]],[1,[8,6..4]],[1,[8,6,3,1]],[
1,[8,6,2,2]],[1,[8,6,2,1,1]],[1,[8,6,1,1,1,1]],[1,[8,5,5]],[1,[8,5,4,1]],[1,[8
,5,3,2]],[1,[8,5,3,1,1]],[1,[8,5,2,2,1]],[1,[8,5,2,1,1,1]],[1,[8,5,1,1,1,1,1]]
,[1,[8,4,4,2]],[1,[8,4,4,1,1]],[1,[8,4,3,3]],[1,[8,4,3,2,1]],[1,[8,4,3,1,1,1]]
,[1,[8,4,2,2,2]],[1,[8,4,2,2,1,1]],[1,[8,4,2,1,1,1,1]],[1,[8,4,1,1,1,1,1,1]],[
1,[8,3,3,3,1]],[1,[8,3,3,2,2]],[1,[8,3,3,2,1,1]],[1,[8,3,3,1,1,1,1]],[1,[8,3,2
,2,2,1]],[1,[8,3,2,2,1,1,1]],[1,[8,3,2,1,1,1,1,1]],[1,[8,2,2,2,2,2]],[1,[8,2,2
,2,2,1,1]],[1,[8,2,2,2,1,1,1,1]],[1,[8,2,2,1,1,1,1,1,1]],[1,[7,7,4]],[1,[7,7,3
,1]],[1,[7,7,2,2]],[1,[7,7,2,1,1]],[1,[7,7,1,1,1,1]],[1,[7,6..5]],[1,[7,6,4,1]
],[1,[7,6,3,2]],[1,[7,6,3,1,1]],[1,[7,6,2,2,1]],[1,[7,6,2,1,1,1]],[1,[7,6,1,1,
1,1,1]],[1,[7,5,5,1]],[1,[7,5,4,2]],[1,[7,5,4,1,1]],[1,[7,5,3,3]],[1,[7,5,3,2,
1]],[1,[7,5,3,1,1,1]],[1,[7,5,2,2,2]],[1,[7,5,2,2,1,1]],[1,[7,5,2,1,1,1,1]],[1
,[7,5,1,1,1,1,1,1]],[1,[7,4,4,3]],[1,[7,4,4,2,1]],[1,[7,4,4,1,1,1]],[1,[7,4,3,
3,1]],[1,[7,4,3,2,2]],[1,[7,4,3,2,1,1]],[1,[7,4,3,1,1,1,1]],[1,[7,4,2,2,2,1]],
[1,[7,4,2,2,1,1,1]],[1,[7,4,2,1,1,1,1,1]],[1,[7,3,3,3,2]],[1,[7,3,3,3,1,1]],[1
,[7,3,3,2,2,1]],[1,[7,3,3,2,1,1,1]],[1,[7,3,3,1,1,1,1,1]],[1,[7,3,2,2,2,2]],[1
,[7,3,2,2,2,1,1]],[1,[7,3,2,2,1,1,1,1]],[1,[7,3,2,1,1,1,1,1,1]],[1,[7,2,2,2,2,
2,1]],[1,[7,2,2,2,2,1,1,1]],[1,[7,2,2,2,1,1,1,1,1]],[1,[6,6,6]],[1,[6,6,5,1]],
[1,[6,6,4,2]],[1,[6,6,4,1,1]],[1,[6,6,3,3]],[1,[6,6,3,2,1]],[1,[6,6,3,1,1,1]],
[1,[6,6,2,2,2]],[1,[6,6,2,2,1,1]],[1,[6,6,2,1,1,1,1]],[1,[6,6,1,1,1,1,1,1]],[1
,[6,5,5,2]],[1,[6,5,5,1,1]],[1,[6,5..3]],[1,[6,5,4,2,1]],[1,[6,5,4,1,1,1]],[1,
[6,5,3,3,1]],[1,[6,5,3,2,2]],[1,[6,5,3,2,1,1]],[1,[6,5,3,1,1,1,1]],[1,[6,5,2,2
,2,1]],[1,[6,5,2,2,1,1,1]],[1,[6,5,2,1,1,1,1,1]],[1,[6,4,4,4]],[1,[6,4,4,3,1]]
,[1,[6,4,4,2,2]],[1,[6,4,4,2,1,1]],[1,[6,4,4,1,1,1,1]],[1,[6,4,3,3,2]],[1,[6,4
,3,3,1,1]],[1,[6,4,3,2,2,1]],[1,[6,4,3,2,1,1,1]],[1,[6,4,3,1,1,1,1,1]],[1,[6,4
,2,2,2,2]],[1,[6,4,2,2,2,1,1]],[1,[6,4,2,2,1,1,1,1]],[1,[6,4,2,1,1,1,1,1,1]],[
1,[6,3,3,3,3]],[1,[6,3,3,3,2,1]],[1,[6,3,3,3,1,1,1]],[1,[6,3,3,2,2,2]],[1,[6,3
,3,2,2,1,1]],[1,[6,3,3,2,1,1,1,1]],[1,[6,3,3,1,1,1,1,1,1]],[1,[6,3,2,2,2,2,1]]
,[1,[6,3,2,2,2,1,1,1]],[1,[6,3,2,2,1,1,1,1,1]],[1,[6,2,2,2,2,2,2]],[1,[6,2,2,2
,2,2,1,1]],[1,[6,2,2,2,2,1,1,1,1]],[1,[6,2,2,2,1,1,1,1,1,1]],[1,[5,5,5,3]],[1,
[5,5,5,2,1]],[1,[5,5,5,1,1,1]],[1,[5,5,4,4]],[1,[5,5,4,3,1]],[1,[5,5,4,2,2]],[
1,[5,5,4,2,1,1]],[1,[5,5,4,1,1,1,1]],[1,[5,5,3,3,2]],[1,[5,5,3,3,1,1]],[1,[5,5
,3,2,2,1]],[1,[5,5,3,2,1,1,1]],[1,[5,5,3,1,1,1,1,1]],[1,[5,5,2,2,2,2]],[1,[5,5
,2,2,2,1,1]],[1,[5,5,2,2,1,1,1,1]],[1,[5,5,2,1,1,1,1,1,1]],[1,[5,4,4,4,1]],[1,
[5,4,4,3,2]],[1,[5,4,4,3,1,1]],[1,[5,4,4,2,2,1]],[1,[5,4,4,2,1,1,1]],[1,[5,4,4
,1,1,1,1,1]],[1,[5,4,3,3,3]],[1,[5,4,3,3,2,1]],[1,[5,4,3,3,1,1,1]],[1,[5,4,3,2
,2,2]],[1,[5,4,3,2,2,1,1]],[1,[5,4,3,2,1,1,1,1]],[1,[5,4,3,1,1,1,1,1,1]],[1,[5
,4,2,2,2,2,1]],[1,[5,4,2,2,2,1,1,1]],[1,[5,4,2,2,1,1,1,1,1]],[1,[5,3,3,3,3,1]]
,[1,[5,3,3,3,2,2]],[1,[5,3,3,3,2,1,1]],[1,[5,3,3,3,1,1,1,1]],[1,[5,3,3,2,2,2,1
]],[1,[5,3,3,2,2,1,1,1]],[1,[5,3,3,2,1,1,1,1,1]],[1,[5,3,2,2,2,2,2]],[1,[5,3,2
,2,2,2,1,1]],[1,[5,3,2,2,2,1,1,1,1]],[1,[5,3,2,2,1,1,1,1,1,1]],[1,[5,2,2,2,2,2
,2,1]],[1,[5,2,2,2,2,2,1,1,1]],[1,[5,2,2,2,2,1,1,1,1,1]],[1,[4,4,4,4,2]],[1,[4
,4,4,4,1,1]],[1,[4,4,4,3,3]],[1,[4,4,4,3,2,1]],[1,[4,4,4,3,1,1,1]],[1,[4,4,4,2
,2,2]],[1,[4,4,4,2,2,1,1]],[1,[4,4,4,2,1,1,1,1]],[1,[4,4,4,1,1,1,1,1,1]],[1,[4
,4,3,3,3,1]],[1,[4,4,3,3,2,2]],[1,[4,4,3,3,2,1,1]],[1,[4,4,3,3,1,1,1,1]],[1,[4
,4,3,2,2,2,1]],[1,[4,4,3,2,2,1,1,1]],[1,[4,4,3,2,1,1,1,1,1]],[1,[4,4,2,2,2,2,2
]],[1,[4,4,2,2,2,2,1,1]],[1,[4,4,2,2,2,1,1,1,1]],[1,[4,4,2,2,1,1,1,1,1,1]],[1,
[4,3,3,3,3,2]],[1,[4,3,3,3,3,1,1]],[1,[4,3,3,3,2,2,1]],[1,[4,3,3,3,2,1,1,1]],[
1,[4,3,3,3,1,1,1,1,1]],[1,[4,3,3,2,2,2,2]],[1,[4,3,3,2,2,2,1,1]],[1,[4,3,3,2,2
,1,1,1,1]],[1,[4,3,3,2,1,1,1,1,1,1]],[1,[4,3,2,2,2,2,2,1]],[1,[4,3,2,2,2,2,1,1
,1]],[1,[4,3,2,2,2,1,1,1,1,1]],[1,[4,2,2,2,2,2,2,1,1]],[1,[4,2,2,2,2,2,1,1,1,1
]],[1,[4,2,2,2,2,1,1,1,1,1,1]],[1,[3,3,3,3,3,3]],[1,[3,3,3,3,3,2,1]],[1,[3,3,3
,3,3,1,1,1]],[1,[3,3,3,3,2,2,2]],[1,[3,3,3,3,2,2,1,1]],[1,[3,3,3,3,2,1,1,1,1]]
,[1,[3,3,3,3,1,1,1,1,1,1]],[1,[3,3,3,2,2,2,2,1]],[1,[3,3,3,2,2,2,1,1,1]],[1,[3
,3,3,2,2,1,1,1,1,1]],[1,[3,3,2,2,2,2,2,2]],[1,[3,3,2,2,2,2,2,1,1]],[1,[3,3,2,2
,2,2,1,1,1,1]],[1,[3,3,2,2,2,1,1,1,1,1,1]],[1,[3,2,2,2,2,2,2,1,1,1]],[1,[3,2,2
,2,2,2,1,1,1,1,1]],[1,[2,2,2,2,2,2,1,1,1,1,1,1]]]));

