MBT("Sym(9)",2,
"(no info text)",
[1,2,1,2,1,1,1,2],
[7,4],
[[1,3,5,7,8],[2,4,11]],
[],
[[[1,0,0,0,0],[-1,1,0,0,0],[0,-1,0,1,0],[1,-1,1,0,0],[-2,1,-1,-1,1]],[[1,0,0],
[0,1,0],[-1..1]]],
0,
0,
0,
rec(CharacterParameters:=[[1,[9]],[1,[8,1]],[1,[7,2]],[1,[6,3]],[1,[6,2,1]],[1
,[5,4]],[1,[5,3..1]],[1,[4,3..2]]]));

MBT("Sym(9)",3,
"(no info text)",
[1,1,4,1,1,1,1,5,1,2,1,1,2,4,1,3],
[4,1,0,1,0],
[[1,2,4,5,6,7,9,10,11,17]],
[,[[2,3],[1,2]],,2],
[[[-1,1,-1,1,0,0,0,0,0,0],[2,-1,1,-1,1,-1,1,0,0,0],[-2,2,-1,1,-2,1,-1,-1,1,0],
[-1,0,0,1,0,0,0,0,-1,1],[2,-2,1,-1,1,-1,0,1,0,0],[1,0,0,0,0,0,0,0,0,0],[-2,1,
-1,0,-1,1,0,0,0,0],[-1,1,0,0,0,0,0,0,0,0],[1,-1,0,0,1,0,0,0,0,0],[1,-1,1,0,0,0
,0,0,0,0]]],
0,
0,
0,
rec(CharacterParameters:=[[1,[9]],[1,[8,1]],[1,[7,2]],[1,[7,1,1]],[1,[6,3]],[1
,[6,2,1]],[1,[5,4]],[1,[5,3..1]],[1,[5,2,2]],[1,[5,2,1,1]],[1,[4,4,1]],[1,[4,3
..2]],[1,[4,3,1,1]],[1,[4,2,2,1]],[1,[3,3,2,1]],[1,[3,2,2,1,1]]]));

MBT("Sym(9)",5,
"(no info text)",
[7,4,3,2,3,10,1,4,2,9,1,8,7,2,7,1,7,3,4,6,1,4,5,2,3],
[1,1,1,1,0,0,1,0,0,0],
[],
[[[4,5],[3,4],[2,3],[1,2]],1,1,1,,,1],
[],
0,
0,
0,
rec(CharacterParameters:=[[1,[9]],[1,[8,1]],[1,[7,2]],[1,[7,1,1]],[1,[6,3]],[1
,[6,2,1]],[1,[6,1,1,1]],[1,[5,4]],[1,[5,3..1]],[1,[5,2,2]],[1,[5,2,1,1]],[1,[5
,1,1,1,1]],[1,[4,4,1]],[1,[4,3..2]],[1,[4,3,1,1]],[1,[4,2,2,1]],[1,[4,2,1,1,1]
],[1,[3,3,3]],[1,[3,3,2,1]],[1,[3,3,1,1,1]],[1,[3,2,2,2]],[1,[3,2,2,1,1]],[1,[
3,2,1,1,1,1]],[1,[2,2,2,2,1]],[1,[2,2,2,1,1,1]]]));

MBT("Sym(9)",7,
"(no info text)",
[2,1,1,18,2,17,16,15,2,1,14,13,12,11,2,1,10,9,8,7,2,6,1,5,4,3,1,2],
[1,1,0,0,0,0,0,0,0,0,0,0,0,0,0,0,0,0],
[],
[[[6,7],[5,6],[4,5],[3,4],[2,3],[1,2]],1],
[],
0,
0,
0,
rec(CharacterParameters:=[[1,[9]],[1,[8,1]],[1,[7,2]],[1,[7,1,1]],[1,[6,3]],[1
,[6,2,1]],[1,[6,1,1,1]],[1,[5,4]],[1,[5,3..1]],[1,[5,2,2]],[1,[5,2,1,1]],[1,[5
,1,1,1,1]],[1,[4,4,1]],[1,[4,3..2]],[1,[4,3,1,1]],[1,[4,2,2,1]],[1,[4,2,1,1,1]
],[1,[4,1,1,1,1,1]],[1,[3,3,3]],[1,[3,3,2,1]],[1,[3,3,1,1,1]],[1,[3,2,2,2]],[1
,[3,2,2,1,1]],[1,[3,2,1,1,1,1]],[1,[3,1,1,1,1,1,1]],[1,[2,2,2,2,1]],[1,[2,2,2,
1,1,1]],[1,[2,2,1,1,1,1,1]]]));

