MBT("Sym(14)",2,
"(no info text)",
[1,1,1,1,2,1,1,1,2,1,1,1,1,3,2,1,2,1,1,3,1,2],
[11,7..3],
[[1,2,3,4,5,6,7,11,13,16,17,18,22,33,36],[10,12,14,21,44],[32,34]],
[],
[[[1,0,0,0,0,0,0,0,0,0,0,0,0,0,0],[-1,1,0,0,0,0,0,0,0,0,0,0,0,0,0],[0,-1,1,0,0
,0,0,0,0,0,0,0,0,0,0],[-1,1,-1,1,0,0,0,0,0,0,0,0,0,0,0],[0,0,0,-1,1,0,0,0,0,0,
0,0,0,0,0],[-1,1,-1,0,-1,0,0,1,0,0,0,0,0,0,0],[0,0,-1,1,-1,1,0,0,0,0,0,0,0,0,0
],[0,-2,1,0,1,-1,0,-1,0,1,0,0,0,0,0],[0,-1,1,0,0,-1,1,0,0,0,0,0,0,0,0],[-1,1,
-1,1,-1,0,-1,0,1,0,0,0,0,0,0],[-1,2,-2,0,-1,1,0,1,-1,-1,1,0,0,0,0],[1,1,0,0,0,
1,-1,0,0,0,-1,1,0,0,0],[2,-2,2,-2,1,-2,-1,0,1,0,-1,-1,0,1,0],[-1,-1,1,0,1,-1,0
,-1,1,0,0,-1,1,0,0],[-1,-1,-1,0,0,1,0,-1,0,1,0,1,-1,-1,1]],[[1,0,0,0,0],[-1,1,
0,0,0],[1,-1,1,0,0],[-1,0,-1,1,0],[-1,1,0,-1,1]],[[1,0],[-1,1]]],
0,
0,
0,
rec(CharacterParameters:=[[1,[14]],[1,[13,1]],[1,[12,2]],[1,[11,3]],[1,[11,2,1
]],[1,[10,4]],[1,[10,3,1]],[1,[9,5]],[1,[9,4,1]],[1,[9,3,2]],[1,[8,6]],[1,[8,5
,1]],[1,[8,4,2]],[1,[8,3,2,1]],[1,[7,6,1]],[1,[7,5,2]],[1,[7,4,3]],[1,[7,4,2,1
]],[1,[6,5,3]],[1,[6,5,2,1]],[1,[6,4,3,1]],[1,[5,4..2]]]));

MBT("Sym(14)",3,
"(no info text)",
[2,1,1,3,2,2,1,2,1,4,1,3,3,2,1,2,2,3,2,2,2,1,1,2,1,4,1,1,4,2,1,3,2,1,1,3,1,3,6
,2,1,3,2,4,2,1,2,2,1,3,2,5,1,1,3,4,2],
[5,5,4,2,0,0],
[[1,4,7,10,11,13,14,20,24,27,28,30,32,38,40,42,43,44,63,84],[2,3,5,6,8,15,18,
21,22,31,33,34,36,47,53,54,56,57,58,64],[9,12,16,17,19,23,41,61,62,83],[26,29,
35,37,69]],
[],
[[[1,0,0,-1,1,-1,1,0,0,0,0,0,0,0,0,0,0,0,0,0],[-1,1,0,0,-1,1,-1,0,0,1,-1,1,0,0
,0,0,0,0,0,0],[0,-1,-1,1,0,0,1,0,-1,-1,0,-1,1,0,-1,1,0,0,0,0],[-1,-1,0,1,0,1,
-1,-1,1,0,0,0,0,0,0,0,0,0,0,0],[-1,1,2,0,-1,0,-2,1,1,1,0,2,-1,-1,1,-1,-1,1,0,0
],[1,1,0,0,0,-1,1,1,-1,0,1,-1,-1,1,0,0,0,0,0,0],[1,-2,-1,0,2,0,1,-1,0,-2,0,-1,
1,0,-1,0,1,0,0,0],[1,0,0,0,0,0,0,0,0,0,0,0,0,0,0,0,0,0,0,0],[-1,0,-1,0,0,1,0,
-1,-1,0,0,0,0,0,0,0,1,0,-1,1],[1,1,1,-1,0,-1,0,1,0,0,0,0,0,0,0,0,0,0,0,0],[-1,
-1,0,0,0,1,0,-1,1,0,0,0,0,0,0,0,0,-1,1,0],[-2,1,0,1,-2,1,-1,0,0,1,0,0,-1,0,1,0
,0,0,0,0],[-1,-1,0,1,0,0,0,0,0,0,0,0,0,0,0,0,0,0,0,0],[0,1,0,0,0,0,0,0,0,0,0,0
,0,0,0,0,0,0,0,0],[-1,-1,-2,0,0,1,0,-1,0,0,-1,0,1,0,0,0,0,0,0,0],[0,-1,1,0,1,
-1,0,0,0,-1,1,0,0,0,0,0,0,0,0,0],[0,0,0,-1,1,0,0,0,0,0,0,0,0,0,0,0,0,0,0,0],[
-1,1,0,0,-1,0,0,0,0,1,0,0,0,0,0,0,0,0,0,0],[-1,0,1,0,0,0,0,0,0,0,0,0,0,0,0,0,0
,0,0,0],[-1,0,-1,1,-1,1,0,0,0,0,0,0,0,0,0,0,0,0,0,0]],[[1,-1,1,-1,1,0,0,0,0,0,
0,0,0,0,0,0,0,0,0,0],[0,0,1,-1,1,-1,0,1,-1,1,-1,1,0,0,0,0,0,0,0,0],[-1,0,-1,1,
-1,1,0,-1,1,0,0,0,0,0,0,0,0,0,0,0],[0,1,-2,1,-1,1,0,0,0,-1,1,-1,0,0,1,-1,1,0,0
,0],[-1,1,1,-1,0,-2,0,1,-1,2,-1,1,0,0,-2,1,-1,-1,1,0],[-1,1,-1,1,0,0,-1,1,0,0,
0,1,-1,1,0,0,0,0,0,0],[-1,0,0,0,-1,0,1,-2,0,0,0,0,1,-1,0,0,0,0,-1,1],[0,0,-2,2
,0,1,-1,0,1,-1,1,0,-1,0,1,-1,0,1,0,0],[1,0,1,0,1,-1,-1,1,0,0,0,0,0,0,0,0,0,0,0
,0],[-1,1,-1,1,-2,1,1,-1,0,-1,0,-1,1,0,0,0,0,0,0,0],[1,0,0,0,0,0,0,0,0,0,0,0,0
,0,0,0,0,0,0,0],[-2,1,0,0,-1,-1,1,0,0,1,-1,0,0,0,-1,1,0,0,0,0],[-1,1,0,0,0,0,0
,0,0,0,0,0,0,0,0,0,0,0,0,0],[1,-1,0,0,0,1,0,0,0,-1,0,0,0,0,1,0,0,0,0,0],[-1,0,
-1,0,0,1,0,0,0,0,0,0,0,0,0,0,0,0,0,0],[0,-1,1,0,0,0,0,0,0,0,0,0,0,0,0,0,0,0,0,
0],[1,-1,1,-1,0,-1,0,0,0,1,0,0,0,0,0,0,0,0,0,0],[-1,1,-1,1,0,0,0,0,0,0,0,0,0,0
,0,0,0,0,0,0],[-1,1,-2,1,-1,1,0,-1,0,-1,1,0,0,0,0,0,0,0,0,0],[-1,1,-1,0,-1,0,1
,0,0,0,0,0,0,0,0,0,0,0,0,0]],[[-1,0,1,-1,1,0,0,0,0,0],[1,-1,0,1,0,-1,0,-1,1,0]
,[1,1,-1,0,-1,1,0,0,0,0],[-1,0,0,0,0,-1,1,0,-1,1],[1,0,0,0,0,0,0,0,0,0],[-1,-1
,1,0,0,0,0,0,0,0],[0,1,-1,0,0,1,-1,1,0,0],[0,-1,0,0,0,-1,1,0,0,0],[-1,1,0,0,0,
0,0,0,0,0],[1,0,-1,1,0,0,0,0,0,0]],[[1,0,-1,1,0],[0,1,-1,0,1],[-1,-1,1,0,0],[1
,0,0,0,0],[0,1,0,0,0]]],
0,
0,
0,
rec(CharacterParameters:=[[1,[14]],[1,[13,1]],[1,[12,2]],[1,[12,1,1]],[1,[11,3
]],[1,[11,2,1]],[1,[10,4]],[1,[10,3,1]],[1,[10,2,2]],[1,[10,2,1,1]],[1,[9,5]],
[1,[9,4,1]],[1,[9,3,2]],[1,[9,3,1,1]],[1,[9,2,2,1]],[1,[8,6]],[1,[8,5,1]],[1,[
8,4,2]],[1,[8,4,1,1]],[1,[8,3,3]],[1,[8,3,2,1]],[1,[8,2,2,1,1]],[1,[7,7]],[1,[
7,6,1]],[1,[7,5,2]],[1,[7,5,1,1]],[1,[7,4,3]],[1,[7,4,2,1]],[1,[7,3,3,1]],[1,[
7,3,2,2]],[1,[7,3,2,1,1]],[1,[6,6,2]],[1,[6,6,1,1]],[1,[6,5,3]],[1,[6,5,2,1]],
[1,[6,4,4]],[1,[6,4,3,1]],[1,[6,4,2,2]],[1,[6,4,2,1,1]],[1,[6,3,3,2]],[1,[6,3,
3,1,1]],[1,[6,3,2,2,1]],[1,[5,5,4]],[1,[5,5,3,1]],[1,[5,5,2,2]],[1,[5,5,2,1,1]
],[1,[5,4,4,1]],[1,[5,4..2]],[1,[5,4,3,1,1]],[1,[5,4,2,2,1]],[1,[5,3,3,2,1]],[
1,[5,3,2,2,1,1]],[1,[4,4,3,3]],[1,[4,4,3,2,1]],[1,[4,4,2,2,1,1]],[1,[4,3,3,2,2
]],[1,[4,3,3,2,1,1]]]));

MBT("Sym(14)",5,
"(no info text)",
[7,4,3,2,3,15,1,4,2,12,1,11,7,7,2,7,1,7,4,7,4,20,3,4,6,1,4,5,3,2,2,7,3,4,6,3,2
,19,18,2,3,12,1,15,1,7,3,17,1,4,5,15,3,2,3,1,15,16,2,1,14,11,7,4,1,4,11,4,12,2
,3,11,2,13,1,12,7,6,1,7,5,10,7,4,2,7,9,3,7,2,1,8,4,3,5,3,6,4,2,1],
[2,2,2,2,1,1,2,0,0,0,1,1,0,0,1,0,0,0,0,0],
[[1,6,12,13,27,29,45,49,52,64,69,75,83,87],[2,5,7,17,32,33,38,53,55,58,70,78,
97,103],[3,4,8,20,21,23,35,57,76,77,79,85,98,101],[9,11,14,16,18,24,40,60,61,
63,65,82,100,114],,,[25,26,30,31,34,37,39,41,44,47,66,86,102,115]],
[,,,,[[4,5],[3,4],[2,3],[1,2]],5,,,,,5,5,,,5],
[[[1,0,-1,1,1,-1,1,-1,1,-1,1,0,0,0],[-1,1,1,-2,-1,2,-2,0,-1,1,-1,1,-1,1],[1,-1
,-1,2,0,-1,1,0,1,-1,0,-1,1,0],[-1,1,0,-1,0,1,0,0,-1,0,0,1,0,0],[1,0,-1,1,1,-1,
1,0,0,0,0,0,0,0],[-2,0,2,-2,-1,1,-1,1,-1,1,0,0,0,0],[2,0,-1,1,1,-1,0,-1,1,0,0,
0,0,0],[-1,-1,1,0,-1,0,0,1,0,0,0,0,0,0],[1,0,-1,1,0,0,0,0,0,0,0,0,0,0],[-2,0,1
,-1,-1,1,0,0,0,0,0,0,0,0],[1,1,-1,0,1,0,0,0,0,0,0,0,0,0],[1,0,0,0,0,0,0,0,0,0,
0,0,0,0],[-1,-1,1,0,0,0,0,0,0,0,0,0,0,0],[0,1,0,0,0,0,0,0,0,0,0,0,0,0]],[[1,-1
,1,0,1,-1,1,-1,1,-1,1,0,0,0],[-1,1,0,-1,-1,2,-1,0,-1,0,-1,1,-1,1],[1,-1,0,1,0,
-1,0,0,1,0,0,-1,1,0],[1,-1,1,0,1,-1,1,0,0,0,0,0,0,0],[-2,2,-2,0,-1,1,-1,1,-1,1
,0,0,0,0],[1,-1,2,-1,1,0,1,-1,0,-1,0,1,0,0],[-1,0,-1,1,-1,0,0,1,0,0,0,0,0,0],[
2,-1,1,0,1,-1,0,-1,1,0,0,0,0,0],[1,-1,1,0,0,0,0,0,0,0,0,0,0,0],[-2,1,-1,0,-1,1
,0,0,0,0,0,0,0,0],[1,0,1,-1,1,0,0,0,0,0,0,0,0,0],[1,0,0,0,0,0,0,0,0,0,0,0,0,0]
,[-1,0,-1,1,0,0,0,0,0,0,0,0,0,0],[-1,1,0,0,0,0,0,0,0,0,0,0,0,0]],[[1,-1,1,1,-1
,1,0,0,-1,1,-1,1,0,0],[-1,1,0,-2,1,-1,1,-1,0,0,1,-1,-1,1],[1,-1,0,1,0,0,-1,1,0
,0,-1,0,1,0],[1,-1,1,1,-1,1,0,0,0,0,0,0,0,0],[-2,2,-2,-1,1,-1,0,0,1,-1,1,0,0,0
],[1,-1,2,0,-1,1,1,-1,-1,1,0,0,0,0],[-1,0,-1,0,1,0,-1,0,1,0,0,0,0,0],[1,-1,1,0
,0,0,0,0,0,0,0,0,0,0],[-1,1,-2,0,1,-1,-1,1,0,0,0,0,0,0],[1,0,1,0,-1,0,1,0,0,0,
0,0,0,0],[-2,1,-1,-1,1,0,0,0,0,0,0,0,0,0],[1,-1,0,1,0,0,0,0,0,0,0,0,0,0],[1,0,
0,0,0,0,0,0,0,0,0,0,0,0],[-1,1,0,0,0,0,0,0,0,0,0,0,0,0]],[[1,-1,1,1,-1,1,0,-1,
1,-1,1,0,0,0],[-1,1,0,-1,0,0,1,0,-1,0,0,1,-1,1],[1,-1,1,1,-1,1,0,0,0,0,0,0,0,0
],[-1,1,-2,-1,2,-2,-1,1,0,1,-1,-1,1,0],[1,-1,2,0,-1,1,1,-1,0,-1,0,1,0,0],[-1,0
,-1,0,1,0,-1,1,0,0,0,0,0,0],[-2,2,-2,-1,1,-1,0,1,-1,1,0,0,0,0],[2,-1,1,1,-1,0,
0,-1,1,0,0,0,0,0],[1,-1,1,0,0,0,0,0,0,0,0,0,0,0],[-2,1,-1,-1,1,0,0,0,0,0,0,0,0
,0],[1,0,1,0,-1,0,1,0,0,0,0,0,0,0],[1,-1,0,1,0,0,0,0,0,0,0,0,0,0],[1,0,0,0,0,0
,0,0,0,0,0,0,0,0],[-1,1,0,0,0,0,0,0,0,0,0,0,0,0]],,,[[1,-1,1,1,-1,1,-1,1,-1,1,
0,0,0,0],[0,0,1,0,-1,1,0,1,-1,1,-1,1,-1,1],[-1,1,-2,-1,2,-2,0,-1,1,-1,1,-1,1,0
],[1,-1,2,0,-1,1,0,1,-1,0,-1,1,0,0],[-1,0,-1,0,1,0,0,-1,0,0,1,0,0,0],[1,-1,1,1
,-1,1,0,0,0,0,0,0,0,0],[-2,2,-2,-1,1,-1,1,-1,1,0,0,0,0,0],[2,-1,1,1,-1,0,-1,1,
0,0,0,0,0,0],[-1,1,0,-1,0,0,1,0,0,0,0,0,0,0],[1,-1,1,0,0,0,0,0,0,0,0,0,0,0],[
-2,1,-1,-1,1,0,0,0,0,0,0,0,0,0],[1,-1,0,1,0,0,0,0,0,0,0,0,0,0],[1,0,0,0,0,0,0,
0,0,0,0,0,0,0],[-1,1,0,0,0,0,0,0,0,0,0,0,0,0]]],
0,
0,
0,
rec(CharacterParameters:=[[1,[14]],[1,[13,1]],[1,[12,2]],[1,[12,1,1]],[1,[11,3
]],[1,[11,2,1]],[1,[11,1,1,1]],[1,[10,4]],[1,[10,3,1]],[1,[10,2,2]],[1,[10,2,1
,1]],[1,[10,1,1,1,1]],[1,[9,5]],[1,[9,4,1]],[1,[9,3,2]],[1,[9,3,1,1]],[1,[9,2,
2,1]],[1,[9,2,1,1,1]],[1,[8,6]],[1,[8,5,1]],[1,[8,4,2]],[1,[8,4,1,1]],[1,[8,3,
3]],[1,[8,3,2,1]],[1,[8,3,1,1,1]],[1,[8,2,2,2]],[1,[8,2,2,1,1]],[1,[8,2,1,1,1,
1]],[1,[7,7]],[1,[7,6,1]],[1,[7,5,2]],[1,[7,5,1,1]],[1,[7,4,3]],[1,[7,4,2,1]],
[1,[7,4,1,1,1]],[1,[7,3,3,1]],[1,[7,3,2,2]],[1,[7,3,2,1,1]],[1,[7,3,1,1,1,1]],
[1,[7,2,2,2,1]],[1,[7,2,2,1,1,1]],[1,[6,6,2]],[1,[6,6,1,1]],[1,[6,5,3]],[1,[6,
5,2,1]],[1,[6,5,1,1,1]],[1,[6,4,4]],[1,[6,4,3,1]],[1,[6,4,2,2]],[1,[6,4,2,1,1]
],[1,[6,4,1,1,1,1]],[1,[6,3,3,2]],[1,[6,3,3,1,1]],[1,[6,3,2,2,1]],[1,[6,3,2,1,
1,1]],[1,[6,2,2,2,2]],[1,[6,2,2,2,1,1]],[1,[6,2,2,1,1,1,1]],[1,[5,5,4]],[1,[5,
5,3,1]],[1,[5,5,2,2]],[1,[5,5,2,1,1]],[1,[5,5,1,1,1,1]],[1,[5,4,4,1]],[1,[5,4
..2]],[1,[5,4,3,1,1]],[1,[5,4,2,2,1]],[1,[5,4,2,1,1,1]],[1,[5,3,3,3]],[1,[5,3,
3,2,1]],[1,[5,3,3,1,1,1]],[1,[5,3,2,2,2]],[1,[5,3,2,2,1,1]],[1,[5,3,2,1,1,1,1]
],[1,[5,2,2,2,2,1]],[1,[5,2,2,2,1,1,1]],[1,[4,4,4,2]],[1,[4,4,4,1,1]],[1,[4,4,
3,3]],[1,[4,4,3,2,1]],[1,[4,4,3,1,1,1]],[1,[4,4,2,2,2]],[1,[4,4,2,2,1,1]],[1,[
4,4,2,1,1,1,1]],[1,[4,3,3,3,1]],[1,[4,3,3,2,2]],[1,[4,3,3,2,1,1]],[1,[4,3,3,1,
1,1,1]],[1,[4,3,2,2,2,1]],[1,[4,3,2,2,1,1,1]],[1,[4,2,2,2,2,1,1]],[1,[4,2,2,2,
1,1,1,1]],[1,[3,3,3,3,2]],[1,[3,3,3,3,1,1]],[1,[3,3,3,2,2,1]],[1,[3,3,3,2,1,1,
1]],[1,[3,3,2,2,2,2]],[1,[3,3,2,2,2,1,1]],[1,[3,3,2,2,1,1,1,1]],[1,[3,2,2,2,2,
1,1,1]]]));

MBT("Sym(14)",7,
"(no info text)",
[1,1,21,1,14,11,1,53,7,6,5,1,14,7,52,51,3,2,1,21,11,6,5,50,3,2,49,48,47,1,1,1,
46,1,6,45,1,3,44,43,1,42,41,1,1,40,11,1,39,7,5,38,1,37,36,2,35,1,34,33,32,1,31
,14,21,1,30,29,28,5,21,1,27,26,3,2,21,25,1,24,23,22,1,21,7,14,6,11,20,1,19,18,
17,16,2,11,14,1,15,14,13,1,11,12,3,6,5,7,10,1,9,7,8,1,5,6,2,3,4],
[2,1,1,0,1,1,1,0,0,0,1,0,0,1,0,0,0,0,0,0,1,0,0,0,0,0,0,0,0,0,0,0,0,0,0,0,0,0,0
,0,0,0,0,0,0,0,0,0,0,0,0,0,0],
[[1,2,8,9,14,19,25,29,34,42,48,51,55,62,68,71,73,77,82,87,90,91,92,95,99,102,
104]],
[,[[6,7],[5,6],[4,5],[3,4],[2,3],[1,2]],2,,2,2,2,,,,2,,,2,,,,,,,2],
[[[1,-1,1,1,-1,1,-1,1,-1,1,1,-1,1,-1,1,-1,1,-1,1,-1,1,0,0,0,0,0,0],[-2,2,-2,-2
,2,-2,2,-2,2,-2,-2,2,-2,2,-2,1,-1,1,-1,1,-1,-1,1,-1,1,-1,1],[2,-2,2,2,-2,2,-2,
2,-2,2,1,-1,1,-1,1,-1,1,-1,1,-1,0,1,-1,1,-1,1,0],[-2,2,-2,-2,2,-2,1,-1,1,-1,-1
,1,-1,1,0,1,-1,1,-1,0,0,-1,1,-1,1,0,0],[2,-2,2,1,-1,1,-1,1,-1,0,1,-1,1,0,0,-1,
1,-1,0,0,0,1,-1,1,0,0,0],[-2,1,-1,-1,1,0,1,-1,0,0,-1,1,0,0,0,1,-1,0,0,0,0,-1,1
,0,0,0,0],[1,-1,0,1,0,0,-1,0,0,0,1,0,0,0,0,-1,0,0,0,0,0,1,0,0,0,0,0],[1,-1,1,1
,-1,1,-1,1,-1,1,1,-1,1,-1,1,0,0,0,0,0,0,0,0,0,0,0,0],[-2,2,-2,-2,2,-2,2,-2,2,
-2,-1,1,-1,1,-1,1,-1,1,-1,1,0,0,0,0,0,0,0],[2,-2,2,2,-2,2,-1,1,-1,1,1,-1,1,-1,
0,-1,1,-1,1,0,0,0,0,0,0,0,0],[-2,2,-2,-1,1,-1,1,-1,1,0,-1,1,-1,0,0,1,-1,1,0,0,
0,0,0,0,0,0,0],[2,-1,1,1,-1,0,-1,1,0,0,1,-1,0,0,0,-1,1,0,0,0,0,0,0,0,0,0,0],[
-1,1,0,-1,0,0,1,0,0,0,-1,0,0,0,0,1,0,0,0,0,0,0,0,0,0,0,0],[1,-1,1,1,-1,1,-1,1,
-1,1,0,0,0,0,0,0,0,0,0,0,0,0,0,0,0,0,0],[-2,2,-2,-2,2,-2,1,-1,1,-1,-1,1,-1,1,0
,0,0,0,0,0,0,0,0,0,0,0,0],[2,-2,2,1,-1,1,-1,1,-1,0,1,-1,1,0,0,0,0,0,0,0,0,0,0,
0,0,0,0],[-2,1,-1,-1,1,0,1,-1,0,0,-1,1,0,0,0,0,0,0,0,0,0,0,0,0,0,0,0],[1,-1,0,
1,0,0,-1,0,0,0,1,0,0,0,0,0,0,0,0,0,0,0,0,0,0,0,0],[1,-1,1,1,-1,1,0,0,0,0,0,0,0
,0,0,0,0,0,0,0,0,0,0,0,0,0,0],[-2,2,-2,-1,1,-1,1,-1,1,0,0,0,0,0,0,0,0,0,0,0,0,
0,0,0,0,0,0],[2,-1,1,1,-1,0,-1,1,0,0,0,0,0,0,0,0,0,0,0,0,0,0,0,0,0,0,0],[-1,1,
0,-1,0,0,1,0,0,0,0,0,0,0,0,0,0,0,0,0,0,0,0,0,0,0,0],[1,-1,1,0,0,0,0,0,0,0,0,0,
0,0,0,0,0,0,0,0,0,0,0,0,0,0,0],[-2,1,-1,-1,1,0,0,0,0,0,0,0,0,0,0,0,0,0,0,0,0,0
,0,0,0,0,0],[1,-1,0,1,0,0,0,0,0,0,0,0,0,0,0,0,0,0,0,0,0,0,0,0,0,0,0],[1,0,0,0,
0,0,0,0,0,0,0,0,0,0,0,0,0,0,0,0,0,0,0,0,0,0,0],[-1,1,0,0,0,0,0,0,0,0,0,0,0,0,0
,0,0,0,0,0,0,0,0,0,0,0,0]]],
0,
0,
0,
rec(CharacterParameters:=[[1,[14]],[1,[13,1]],[1,[12,2]],[1,[12,1,1]],[1,[11,3
]],[1,[11,2,1]],[1,[11,1,1,1]],[1,[10,4]],[1,[10,3,1]],[1,[10,2,2]],[1,[10,2,1
,1]],[1,[10,1,1,1,1]],[1,[9,5]],[1,[9,4,1]],[1,[9,3,2]],[1,[9,3,1,1]],[1,[9,2,
2,1]],[1,[9,2,1,1,1]],[1,[9,1,1,1,1,1]],[1,[8,6]],[1,[8,5,1]],[1,[8,4,2]],[1,[
8,4,1,1]],[1,[8,3,3]],[1,[8,3,2,1]],[1,[8,3,1,1,1]],[1,[8,2,2,2]],[1,[8,2,2,1,
1]],[1,[8,2,1,1,1,1]],[1,[8,1,1,1,1,1,1]],[1,[7,7]],[1,[7,6,1]],[1,[7,5,2]],[1
,[7,5,1,1]],[1,[7,4,3]],[1,[7,4,2,1]],[1,[7,4,1,1,1]],[1,[7,3,3,1]],[1,[7,3,2,
2]],[1,[7,3,2,1,1]],[1,[7,3,1,1,1,1]],[1,[7,2,2,2,1]],[1,[7,2,2,1,1,1]],[1,[7,
2,1,1,1,1,1]],[1,[6,6,2]],[1,[6,6,1,1]],[1,[6,5,3]],[1,[6,5,2,1]],[1,[6,5,1,1,
1]],[1,[6,4,4]],[1,[6,4,3,1]],[1,[6,4,2,2]],[1,[6,4,2,1,1]],[1,[6,4,1,1,1,1]],
[1,[6,3,3,2]],[1,[6,3,3,1,1]],[1,[6,3,2,2,1]],[1,[6,3,2,1,1,1]],[1,[6,3,1,1,1,
1,1]],[1,[6,2,2,2,2]],[1,[6,2,2,2,1,1]],[1,[6,2,2,1,1,1,1]],[1,[6,2,1,1,1,1,1,
1]],[1,[5,5,4]],[1,[5,5,3,1]],[1,[5,5,2,2]],[1,[5,5,2,1,1]],[1,[5,5,1,1,1,1]],
[1,[5,4,4,1]],[1,[5,4..2]],[1,[5,4,3,1,1]],[1,[5,4,2,2,1]],[1,[5,4,2,1,1,1]],[
1,[5,4,1,1,1,1,1]],[1,[5,3,3,3]],[1,[5,3,3,2,1]],[1,[5,3,3,1,1,1]],[1,[5,3,2,2
,2]],[1,[5,3,2,2,1,1]],[1,[5,3,2,1,1,1,1]],[1,[5,3,1,1,1,1,1,1]],[1,[5,2,2,2,2
,1]],[1,[5,2,2,2,1,1,1]],[1,[5,2,2,1,1,1,1,1]],[1,[4,4,4,2]],[1,[4,4,4,1,1]],[
1,[4,4,3,3]],[1,[4,4,3,2,1]],[1,[4,4,3,1,1,1]],[1,[4,4,2,2,2]],[1,[4,4,2,2,1,1
]],[1,[4,4,2,1,1,1,1]],[1,[4,4,1,1,1,1,1,1]],[1,[4,3,3,3,1]],[1,[4,3,3,2,2]],[
1,[4,3,3,2,1,1]],[1,[4,3,3,1,1,1,1]],[1,[4,3,2,2,2,1]],[1,[4,3,2,2,1,1,1]],[1,
[4,3,2,1,1,1,1,1]],[1,[4,2,2,2,2,2]],[1,[4,2,2,2,2,1,1]],[1,[4,2,2,2,1,1,1,1]]
,[1,[4,2,2,1,1,1,1,1,1]],[1,[3,3,3,3,2]],[1,[3,3,3,3,1,1]],[1,[3,3,3,2,2,1]],[
1,[3,3,3,2,1,1,1]],[1,[3,3,3,1,1,1,1,1]],[1,[3,3,2,2,2,2]],[1,[3,3,2,2,2,1,1]]
,[1,[3,3,2,2,1,1,1,1]],[1,[3,3,2,1,1,1,1,1,1]],[1,[3,2,2,2,2,2,1]],[1,[3,2,2,2
,2,1,1,1]],[1,[3,2,2,2,1,1,1,1,1]],[1,[2,2,2,2,2,2,1,1]],[1,[2,2,2,2,2,1,1,1,1
]],[1,[2,2,2,2,1,1,1,1,1,1]]]));

