MBT("Sym(7)",2,
"(no info text)",
[1,2,1,2,1],
[4,3],
[[1,3,6],[2,4]],
[],
[[[1,0,0],[0,1,0],[-1,-1,1]],[[1,0],[-1,1]]],
0,
0,
0,
rec(CharacterParameters:=[[1,[7]],[1,[6,1]],[1,[5,2]],[1,[4,3]],[1,[4,2,1]]])
);

MBT("Sym(7)",3,
"(no info text)",
[1,3,1,2,1,1,2,3,1],
[2,1,1],
[[1,3,4,6,10]],
[,[[2,3],[1,2]],2],
[[[1,-1,1,0,0],[-1,1,0,-1,1],[1,0,0,0,0],[-1,0,-1,1,0],[-1,1,0,0,0]]],
0,
0,
0,
rec(CharacterParameters:=[[1,[7]],[1,[6,1]],[1,[5,2]],[1,[5,1,1]],[1,[4,3]],[1
,[4,2,1]],[1,[3,3,1]],[1,[3,2,2]],[1,[3,2,1,1]]]));

MBT("Sym(7)",5,
"(no info text)",
[2,1,1,7,2,6,5,2,1,4,3,1,2],
[1,1,0,0,0,0,0],
[],
[[[4,5],[3,4],[2,3],[1,2]],1],
[],
0,
0,
0,
rec(CharacterParameters:=[[1,[7]],[1,[6,1]],[1,[5,2]],[1,[5,1,1]],[1,[4,3]],[1
,[4,2,1]],[1,[4,1,1,1]],[1,[3,3,1]],[1,[3,2,2]],[1,[3,2,1,1]],[1,[3,1,1,1,1]],
[1,[2,2,2,1]],[1,[2,2,1,1,1]]]));

MBT("Sym(7)",7,
"(no info text)",
[1,1,9,1,8,7,1,6,5,4,1,3,2,1],
[1,0,0,0,0,0,0,0,0],
[],
[[[6,7],[5,6],[4,5],[3,4],[2,3],[1,2]]],
[],
0,
0,
0,
rec(CharacterParameters:=[[1,[7]],[1,[6,1]],[1,[5,2]],[1,[5,1,1]],[1,[4,3]],[1
,[4,2,1]],[1,[4,1,1,1]],[1,[3,3,1]],[1,[3,2,2]],[1,[3,2,1,1]],[1,[3,1,1,1,1]],
[1,[2,2,2,1]],[1,[2,2,1,1,1]],[1,[2,1,1,1,1,1]]]));

