MBT("Sym(8)",2,
"(no info text)",
[1,1,1,1,2,1],
[7,1],
[[1,2,3,4,8]],
[,[[1,2]]],
[[[1,0,0,0,0],[-1,1,0,0,0],[1,-1,1,0,0],[0,0,-1,1,0],[-2,0,0,-1,1]]],
0,
0,
0,
rec(CharacterParameters:=[[1,[8]],[1,[7,1]],[1,[6,2]],[1,[5,3]],[1,[5,2,1]],[1
,[4,3,1]]]));

MBT("Sym(8)",3,
"(no info text)",
[2,1,1,3,2,2,1,2,1,4,3,2,1],
[2,2,1,0],
[[1,4,7,8,13],[2,3,5,9,14]],
[,,[[2,3],[1,2]]],
[[[1,0,-1,1,0],[-1,1,0,-1,1],[1,0,0,0,0],[-1,-1,1,0,0],[0,1,0,0,0]],[[1,-1,1,0
,0],[0,0,1,-1,1],[-1,0,-1,1,0],[1,0,0,0,0],[-1,1,0,0,0]]],
0,
0,
0,
rec(CharacterParameters:=[[1,[8]],[1,[7,1]],[1,[6,2]],[1,[6,1,1]],[1,[5,3]],[1
,[5,2,1]],[1,[4,4]],[1,[4,3,1]],[1,[4,2,2]],[1,[4,2,1,1]],[1,[3,3,2]],[1,[3,3,
1,1]],[1,[3,2,2,1]]]));

MBT("Sym(8)",5,
"(no info text)",
[4,2,10,1,2,1,9,4,8,1,7,6,2,4,5,4,1,2,3],
[1,1,0,1,0,0,0,0,0,0],
[],
[[[4,5],[3,4],[2,3],[1,2]],1,,1],
[],
0,
0,
0,
rec(CharacterParameters:=[[1,[8]],[1,[7,1]],[1,[6,2]],[1,[6,1,1]],[1,[5,3]],[1
,[5,2,1]],[1,[5,1,1,1]],[1,[4,4]],[1,[4,3,1]],[1,[4,2,2]],[1,[4,2,1,1]],[1,[4,
1,1,1,1]],[1,[3,3,2]],[1,[3,3,1,1]],[1,[3,2,2,1]],[1,[3,2,1,1,1]],[1,[2,2,2,2]
],[1,[2,2,2,1,1]],[1,[2,2,1,1,1,1]]]));

MBT("Sym(8)",7,
"(no info text)",
[1,16,1,15,14,1,13,12,11,10,1,9,8,7,6,1,5,4,3,1,2],
[1,0,0,0,0,0,0,0,0,0,0,0,0,0,0,0],
[],
[[[6,7],[5,6],[4,5],[3,4],[2,3],[1,2]]],
[],
0,
0,
0,
rec(CharacterParameters:=[[1,[8]],[1,[7,1]],[1,[6,2]],[1,[6,1,1]],[1,[5,3]],[1
,[5,2,1]],[1,[5,1,1,1]],[1,[4,4]],[1,[4,3,1]],[1,[4,2,2]],[1,[4,2,1,1]],[1,[4,
1,1,1,1]],[1,[3,3,2]],[1,[3,3,1,1]],[1,[3,2,2,1]],[1,[3,2,1,1,1]],[1,[3,1,1,1,
1,1]],[1,[2,2,2,2]],[1,[2,2,2,1,1]],[1,[2,2,1,1,1,1]],[1,[2,1,1,1,1,1,1]]]));

