MBT("Sym(11)",2,
"(no info text)",
[1,2,1,2,1,1,1,2,1,2,1,2],
[8,7],
[[1,3,5,8,9,10,14],[2,4,6,13,22]],
[],
[[[1,0,0,0,0,0,0],[0,1,0,0,0,0,0],[-1,-1,0,1,0,0,0],[-1,0,1,0,0,0,0],[0,1,-1,
-1,1,0,0],[1,0,0,0,-1,1,0],[-2,-1,1,0,0,-1,1]],[[1,0,0,0,0],[-1,1,0,0,0],[1,-1
,1,0,0],[-1,0,-1,1,0],[-2,0,-1,-1,1]]],
0,
0,
0,
rec(CharacterParameters:=[[1,[11]],[1,[10,1]],[1,[9,2]],[1,[8,3]],[1,[8,2,1]],
[1,[7,4]],[1,[7,3,1]],[1,[6,5]],[1,[6,4,1]],[1,[6,3,2]],[1,[5,4,2]],[1,[5,3,2,
1]]]));

MBT("Sym(11)",3,
"(no info text)",
[2,1,1,3,2,2,1,2,1,4,1,3,3,2,1,2,3,2,2,2,1,1,1,4,2,1,3],
[4,4,2,1],
[[1,4,8,9,11,15,19,20,22,26],[2,3,5,6,12,16,21,23,32,33],[7,10,13,14,36]],
[,,,[[2,3],[1,2]]],
[[[-1,0,1,-1,1,0,0,0,0,0],[1,-1,0,1,-1,0,-1,1,0,0],[-1,1,0,-1,1,0,1,0,-1,1],[1
,1,-1,0,-1,1,0,0,0,0],[1,0,0,0,0,0,0,0,0,0],[-1,-1,0,0,1,-1,0,-1,1,0],[-1,1,0,
-1,0,0,1,0,0,0],[-1,-1,1,0,0,0,0,0,0,0],[-1,1,0,0,0,0,0,0,0,0],[1,0,-1,1,0,0,0
,0,0,0]],[[-1,1,-1,1,0,0,0,0,0,0],[1,-1,0,0,1,-1,-1,1,0,0],[1,0,1,-1,-1,1,0,0,
0,0],[-1,0,1,0,-1,0,1,-1,-1,1],[1,-1,0,0,1,0,-1,0,1,0],[1,0,0,0,0,0,0,0,0,0],[
-1,1,0,0,0,0,0,0,0,0],[-1,0,-1,0,1,0,0,0,0,0],[1,-1,1,-1,-1,0,1,0,0,0],[1,-1,1
,0,0,0,0,0,0,0]],[[1,0,-1,1,0],[0,1,-1,0,1],[-1,-1,1,0,0],[1,0,0,0,0],[0,1,0,0
,0]]],
0,
0,
0,
rec(CharacterParameters:=[[1,[11]],[1,[10,1]],[1,[9,2]],[1,[9,1,1]],[1,[8,3]],
[1,[8,2,1]],[1,[7,4]],[1,[7,3,1]],[1,[7,2,2]],[1,[7,2,1,1]],[1,[6,5]],[1,[6,4,
1]],[1,[6,3,2]],[1,[6,3,1,1]],[1,[6,2,2,1]],[1,[5,5,1]],[1,[5,4,2]],[1,[5,4,1,
1]],[1,[5,3,3]],[1,[5,3,2,1]],[1,[5,2,2,1,1]],[1,[4,4,3]],[1,[4,4,2,1]],[1,[4,
3,3,1]],[1,[4,3,2,2]],[1,[4,3,2,1,1]],[1,[3,3,2,2,1]]]));

MBT("Sym(11)",5,
"(no info text)",
[1,10,1,7,6,1,4,6,13,3,1,2,1,1,3,1,12,1,7,10,4,3,10,2,11,10,1,1,4,9,1,7,2,8,7,
1,1,6,2,6,4,1,5,3],
[2,1,1,1,0,1,1,0,0,1,0,0,0],
[[1,3,6,8,10,16,18,19,24,27,29,39,41,43]],
[,[[4,5],[3,4],[2,3],[1,2]],2,2,,2,2,,,2],
[[[1,-1,1,1,-1,1,-1,1,-1,1,0,0,0,0],[-1,2,-1,-2,1,-2,1,0,1,-1,-1,1,-1,1],[1,-2
,1,1,0,1,-1,0,-1,0,1,-1,1,0],[-1,1,0,-1,0,0,1,0,0,0,-1,1,0,0],[1,-1,1,1,-1,1,0
,0,0,0,0,0,0,0],[-2,2,-2,-1,1,-1,1,-1,1,0,0,0,0,0],[2,-1,1,1,-1,0,-1,1,0,0,0,0
,0,0],[-1,0,-1,0,1,0,0,-1,0,0,1,0,0,0],[-1,1,0,-1,0,0,1,0,0,0,0,0,0,0],[1,-1,1
,0,0,0,0,0,0,0,0,0,0,0],[-2,1,-1,-1,1,0,0,0,0,0,0,0,0,0],[1,-1,0,1,0,0,0,0,0,0
,0,0,0,0],[1,0,0,0,0,0,0,0,0,0,0,0,0,0],[-1,1,0,0,0,0,0,0,0,0,0,0,0,0]]],
0,
0,
0,
rec(CharacterParameters:=[[1,[11]],[1,[10,1]],[1,[9,2]],[1,[9,1,1]],[1,[8,3]],
[1,[8,2,1]],[1,[8,1,1,1]],[1,[7,4]],[1,[7,3,1]],[1,[7,2,2]],[1,[7,2,1,1]],[1,[
7,1,1,1,1]],[1,[6,5]],[1,[6,4,1]],[1,[6,3,2]],[1,[6,3,1,1]],[1,[6,2,2,1]],[1,[
6,2,1,1,1]],[1,[5,5,1]],[1,[5,4,2]],[1,[5,4,1,1]],[1,[5,3,3]],[1,[5,3,2,1]],[1
,[5,3,1,1,1]],[1,[5,2,2,2]],[1,[5,2,2,1,1]],[1,[5,2,1,1,1,1]],[1,[4,4,3]],[1,[
4,4,2,1]],[1,[4,4,1,1,1]],[1,[4,3,3,1]],[1,[4,3,2,2]],[1,[4,3,2,1,1]],[1,[4,3,
1,1,1,1]],[1,[4,2,2,2,1]],[1,[4,2,2,1,1,1]],[1,[3,3,3,2]],[1,[3,3,3,1,1]],[1,[
3,3,2,2,1]],[1,[3,3,2,1,1,1]],[1,[3,2,2,2,2]],[1,[3,2,2,2,1,1]],[1,[3,2,2,1,1,
1,1]],[1,[2,2,2,2,1,1,1]]]));

MBT("Sym(11)",7,
"(no info text)",
[9,4,3,2,3,26,1,4,2,25,1,24,9,23,2,22,1,21,20,9,4,19,3,18,17,1,16,15,14,13,4,9
,3,2,12,9,11,10,9,8,3,2,4,7,1,6,4,5,1,2,3],
[1,1,1,1,0,0,0,0,1,0,0,0,0,0,0,0,0,0,0,0,0,0,0,0,0,0],
[],
[[[6,7],[5,6],[4,5],[3,4],[2,3],[1,2]],1,1,1,,,,,1],
[],
0,
0,
0,
rec(CharacterParameters:=[[1,[11]],[1,[10,1]],[1,[9,2]],[1,[9,1,1]],[1,[8,3]],
[1,[8,2,1]],[1,[8,1,1,1]],[1,[7,4]],[1,[7,3,1]],[1,[7,2,2]],[1,[7,2,1,1]],[1,[
7,1,1,1,1]],[1,[6,5]],[1,[6,4,1]],[1,[6,3,2]],[1,[6,3,1,1]],[1,[6,2,2,1]],[1,[
6,2,1,1,1]],[1,[6,1,1,1,1,1]],[1,[5,5,1]],[1,[5,4,2]],[1,[5,4,1,1]],[1,[5,3,3]
],[1,[5,3,2,1]],[1,[5,3,1,1,1]],[1,[5,2,2,2]],[1,[5,2,2,1,1]],[1,[5,2,1,1,1,1]
],[1,[5,1,1,1,1,1,1]],[1,[4,4,3]],[1,[4,4,2,1]],[1,[4,4,1,1,1]],[1,[4,3,3,1]],
[1,[4,3,2,2]],[1,[4,3,2,1,1]],[1,[4,3,1,1,1,1]],[1,[4,2,2,2,1]],[1,[4,2,2,1,1,
1]],[1,[4,2,1,1,1,1,1]],[1,[3,3,3,2]],[1,[3,3,3,1,1]],[1,[3,3,2,2,1]],[1,[3,3,
2,1,1,1]],[1,[3,3,1,1,1,1,1]],[1,[3,2,2,2,2]],[1,[3,2,2,2,1,1]],[1,[3,2,2,1,1,
1,1]],[1,[3,2,1,1,1,1,1,1]],[1,[2,2,2,2,2,1]],[1,[2,2,2,2,1,1,1]],[1,[2,2,2,1,
1,1,1,1]]]));

