MOT("2.Alt(18)",
0,
0,
0,
0,
[(264,265),(260,262)(261,263),(256,257),(251,253)(252,254),(244,245),(241,242)
,(235,237)(236,238),(231,232),(221,222),(218,219),(216,217),(204,205),
(200,202)(201,203),(194,195),(179,180),(177,178),(173,174),(171,172),(152,153)
,(150,151),(145,146),(111,112),(266,268)(267,269)],
["ConstructPermuted",["DoubleCoverAlternating",18],(),()]);
ALF("2.Alt(18)","Alt(18)",[1,1,2,3,4,5,6,6,7,8,9,10,10,11,12,13,14,14,15,
16,17,17,18,19,19,20,20,21,22,23,24,25,26,27,28,29,30,31,32,33,34,35,36,
37,38,39,40,41,42,43,44,44,45,46,47,48,48,49,50,51,51,52,53,53,54,55,55,
56,57,58,59,60,61,62,63,64,64,65,66,67,67,68,69,69,70,71,72,72,73,73,74,
75,76,77,78,79,80,81,82,83,84,85,86,87,88,89,90,91,92,93,94,94,95,96,97,
98,99,100,101,102,102,103,104,105,105,106,107,108,108,109,110,110,111,112,
113,114,115,116,116,117,118,118,119,119,120,120,121,121,122,123,123,124,
124,125,125,126,127,127,128,129,130,131,132,133,134,135,136,137,138,139,
140,140,141,141,142,143,144,144,145,145,146,147,147,148,149,150,150,151,
152,152,153,153,154,155,155,156,157,157,158,159,159,160,160,161,161,162,
162,163,163,164,165,166,167,168,169,170,170,171,171,172,173,173,174,174,
175,176,176,177,178,178,179,179,180,180,181,181,182,182,183,184,185,185,
186,187,187,188,188,189,190,190,191,191,192,192,193,194,194,195,195,196,
196,197,197,198,198,199,199,200,200]);
ALF("2.Alt(18)","2.Sym(18)",[1,2,4,6,8,10,12,13,15,17,19,21,22,24,26,28,
29,30,32,34,35,36,38,40,41,43,44,46,48,50,52,54,56,58,60,62,65,68,69,71,
73,75,77,79,81,82,84,86,88,90,92,93,95,97,99,100,101,103,105,107,108,110,
112,113,115,116,117,119,121,124,126,128,130,132,133,136,137,139,141,142,
143,145,146,147,150,153,154,155,157,158,160,162,164,167,169,172,174,176,
178,180,182,183,185,186,189,192,194,196,198,201,204,204,206,207,209,211,
213,215,216,218,219,221,223,225,226,228,230,231,232,234,235,236,239,241,
243,246,248,249,250,252,254,255,258,259,261,261,262,263,265,268,268,269,
269,272,273,275,276,277,280,282,284,286,288,290,293,295,297,300,302,304,
307,307,308,308,310,312,313,313,317,317,320,322,323,325,327,328,329,331,
333,334,336,337,339,342,342,343,344,345,347,348,349,348,349,353,353,356,
357,362,363,365,367,370,373,374,376,377,377,380,380,383,388,388,389,390,
392,394,395,397,398,399,401,401,404,405,410,411,410,411,413,415,417,417,
419,424,424,425,426,428,429,430,435,436,435,436,438,442,442,443,444,447,
448,447,448,450,450,451,452,451,452]);

