MOT("2.Alt(15)",
0,
0,
0,
0,
[(128,129),(124,126)(125,127),(119,120),(117,118),(112,114)(113,115),(110,111)
,(101,102),( 99,100),(97,98),(89,90),(85,87)(86,88),(68,69),(49,50),
(132,134)(133,135)],
["ConstructPermuted",["DoubleCoverAlternating",15],(),()]);
ALF("2.Alt(15)","Alt(15)",[1,1,2,3,4,5,5,6,7,8,9,9,10,11,12,12,13,14,14,
15,15,16,17,18,19,20,21,22,23,24,25,26,27,28,29,29,30,31,32,32,33,34,34,
35,36,36,37,38,39,39,40,41,41,42,43,43,44,44,45,46,47,48,49,50,51,52,53,
54,54,55,56,57,57,58,59,60,60,61,62,62,63,64,65,65,66,66,67,67,68,68,69,
69,70,71,72,73,74,74,75,75,76,76,77,77,78,79,79,80,80,81,81,82,82,83,83,
84,85,85,86,86,87,87,88,89,89,90,90,91,91,92,92,93,93,94,94]);
ALF("2.Alt(15)","2.Sym(15)",[1,2,4,6,8,10,11,13,15,17,18,19,21,23,24,25,
27,29,30,32,33,35,37,39,41,43,46,49,50,52,54,56,57,59,61,62,64,66,68,69,
71,73,74,76,77,78,80,82,84,84,86,88,89,91,92,93,96,97,99,101,104,106,108,
110,112,113,118,122,122,123,125,126,127,129,131,132,133,135,136,137,140,
144,145,146,149,150,149,150,152,152,153,154,156,158,160,163,166,166,168,
168,169,169,172,173,175,177,178,181,182,184,184,185,186,185,186,190,193,
193,194,194,197,198,200,201,202,201,202,206,206,209,210,215,216,215,216]);

