MOT("2.Alt(17)",
0,
0,
0,
0,
[(206,207),(202,204)(203,205),(197,198),(195,196),(190,192)(191,193),(188,189)
,(179,180),(177,178),(175,176),(167,169)(168,170),(165,166),(161,163)(162,164)
,(145,146),(143,144),(140,141),(125,126),(114,115),(93,94),(210,212)(211,213)]
,
["ConstructPermuted",["DoubleCoverAlternating",17],(),()]);
ALF("2.Alt(17)","Alt(17)",[1,1,2,3,4,5,6,6,7,8,9,10,10,11,12,13,13,14,15,
16,16,17,18,18,19,20,21,22,23,24,25,26,27,28,29,30,31,32,33,34,35,36,37,
38,38,39,40,41,42,42,43,44,45,45,46,47,47,48,48,49,50,51,52,53,54,55,56,
56,57,58,58,59,60,60,61,62,62,63,64,65,66,67,68,69,70,71,72,73,74,75,76,
77,78,78,79,80,81,82,83,84,84,85,86,87,87,88,89,89,90,91,91,92,93,94,94,
95,96,96,97,98,98,99,99,100,101,101,102,102,103,103,104,105,106,107,108,
109,110,111,112,113,113,114,115,115,116,116,117,118,118,119,120,121,121,
122,123,123,124,125,126,126,127,127,128,128,129,129,130,130,131,131,132,
133,134,135,136,136,137,137,138,138,139,139,140,141,141,142,142,143,143,
144,144,145,145,146,147,147,148,148,149,149,150,151,151,152,152,153,153,
154,154,155,155,156,156]);
ALF("2.Alt(17)","2.Sym(17)",[1,2,4,6,8,10,11,12,14,16,18,20,21,23,25,27,
28,30,32,33,34,36,37,38,41,43,45,48,50,52,54,56,58,61,63,65,66,68,70,72,
74,77,78,79,80,82,84,86,87,88,90,92,93,94,96,98,99,101,102,104,106,109,
112,113,115,116,118,119,121,123,124,126,127,128,130,132,133,136,138,140,
142,144,147,150,151,153,155,157,158,160,163,165,167,167,169,173,175,176,
179,180,181,183,185,187,188,190,192,193,195,196,197,199,201,203,203,205,
207,208,210,211,212,217,218,220,224,224,225,226,228,229,231,233,236,238,
240,242,244,245,250,254,254,255,258,258,260,260,261,262,263,265,267,268,
269,271,272,273,276,280,281,282,285,286,285,286,288,288,289,290,289,290,
294,296,298,301,304,304,306,306,307,307,310,311,313,315,316,319,320,322,
322,323,324,323,324,328,331,331,332,332,335,336,338,339,340,339,340,344,
344,347,348,353,354,353,354]);

