MOT("2.Alt(16)",
0,
0,
0,
0,
[(168,170)(169,171),(166,167),(162,164)(163,165),(158,159),(153,155)(154,156),
(146,147),(143,144),(137,139)(138,140),(133,134),(121,122),(119,120),(109,110)
,( 99,100),(82,83),(80,81),(105,107)(106,108)],
["ConstructPermuted",["DoubleCoverAlternating",16],(),()]);
ALF("2.Alt(16)","Alt(16)",[1,1,2,3,4,5,6,6,7,8,9,10,10,11,12,13,13,14,15,
15,16,17,17,18,19,20,21,22,23,24,25,26,27,28,29,30,31,32,33,34,34,35,36,
37,37,38,39,40,40,41,42,42,43,44,45,46,47,48,48,49,50,50,51,51,52,53,53,
54,55,56,57,58,59,60,61,62,63,64,65,66,66,67,67,68,69,70,71,71,72,73,74,
74,75,76,76,77,77,78,79,79,80,81,81,82,83,83,84,84,85,85,86,86,87,88,89,
90,91,92,93,93,94,94,95,96,97,97,98,99,99,100,101,101,102,102,103,103,104,
104,105,105,106,107,108,108,109,110,110,111,111,112,113,113,114,114,115,
115,116,117,117,118,118,119,119,120,120,121,121,122,122,123,123]);
ALF("2.Alt(16)","2.Sym(16)",[1,2,4,6,8,10,11,12,14,16,18,19,20,22,24,26,
27,29,31,32,34,35,36,38,40,42,45,47,50,52,54,56,58,60,61,63,64,67,70,71,
72,74,76,78,79,81,83,84,85,87,88,89,92,94,96,99,101,102,103,105,107,108,
110,111,113,114,115,117,119,121,123,125,127,130,132,134,137,139,141,144,
144,145,145,147,149,150,152,153,155,157,158,159,161,163,164,166,167,169,
172,172,173,174,175,177,178,179,178,179,183,183,186,187,190,192,195,198,
199,201,202,202,205,205,208,213,214,215,217,219,220,222,223,224,226,226,
229,230,235,236,235,236,238,240,242,242,244,249,249,250,251,253,254,255,
260,261,260,261,263,267,267,268,269,272,273,272,273,275,275,276,277,276,
277]);

