MOT("2.Alt(14)",
0,
0,
0,
0,
[(100,101),(96,98)(97,99),(92,93),(87,89)(88,90),(80,81),(77,78),(69,70),
(58,59),(56,57),(42,43),(102,104)(103,105)],
["ConstructPermuted",["DoubleCoverAlternating",14],(),()]);
ALF("2.Alt(14)","Alt(14)",[1,1,2,3,4,5,5,6,7,8,8,9,10,11,11,12,13,13,14,
15,16,17,18,19,20,21,22,23,24,25,25,26,27,28,28,29,30,30,31,31,32,33,33,
34,35,35,36,37,37,38,39,40,41,42,43,44,44,45,45,46,47,47,48,49,49,50,51,
51,52,52,53,53,54,54,55,56,57,57,58,59,59,60,60,61,62,62,63,63,64,64,65,
66,66,67,67,68,68,69,69,70,70,71,71,72,72]);
ALF("2.Alt(14)","2.Sym(14)",[1,2,4,6,8,10,11,13,15,17,18,20,22,23,24,26,
27,28,31,33,35,37,39,41,44,46,48,50,52,53,54,56,58,59,60,62,64,65,67,68,
70,73,73,74,75,76,78,79,80,83,85,88,91,92,94,95,95,98,98,101,103,104,106,
108,109,111,112,113,115,115,118,119,124,125,127,129,131,131,133,138,138,
139,140,142,143,144,149,150,149,150,152,156,156,157,158,161,162,161,162,
164,164,165,166,165,166]);

