MOT("2.Alt(19)",
0,
0,
0,
0,
[],
["ConstructPermuted",["DoubleCoverAlternating",19],(),()]);
ALF("2.Alt(19)","Alt(19)",[1,1,2,3,4,5,6,6,7,8,9,10,11,11,12,13,14,15\
,15,
16,17,18,18,19,20,20,21,22,22,23,24,25,26,27,28,29,30,31,32,33,34,35,\
36,
37,38,39,40,41,42,43,44,45,46,47,48,49,49,50,51,52,53,53,54,55,56,56,\
57,
58,59,59,60,61,61,62,63,64,65,66,67,68,69,70,71,72,73,73,74,75,76,76,\
77,
78,78,79,79,80,81,82,83,83,84,85,85,86,87,88,89,90,91,92,93,94,95,96,\
97,
98,99,100,101,102,103,104,105,106,107,108,109,110,111,111,112,113,114\
,115,
116,117,118,119,120,120,121,122,123,124,124,125,126,127,127,128,129,1\
29,
130,130,131,132,133,134,135,136,137,138,138,139,140,140,141,142,142,1\
43,
143,144,144,145,146,147,147,148,149,150,150,151,152,152,153,153,154,1\
55,
156,157,158,159,160,161,162,163,164,165,166,167,168,169,169,170,171,1\
72,
173,174,174,175,176,176,177,178,179,179,180,181,182,182,183,184,184,1\
85,
186,186,187,188,189,189,190,191,191,192,193,193,194,194,195,196,196,1\
97,
197,198,198,199,199,200,200,201,201,202,203,204,205,206,207,208,209,2\
10,
211,211,212,213,213,214,214,215,215,216,216,217,218,219,219,220,221,2\
21,
222,223,224,224,225,225,226,226,227,227,228,228,229,229,230,231,232,2\
33,
234,234,235,235,236,236,237,237,238,239,239,240,240,241,241,242,242,2\
43,
243,244,245,245,246,246,247,247,248,249,249,250,250,251,251,252,252,2\
53,
253,254,254]);
ALF("2.Alt(19)","2.Sym(19)",[1,2,4,6,8,10,12,13,15,17,19,21,22,23,25,\
27,
29,30,31,33,35,37,38,40,42,43,45,46,47,49,51,53,55,57,59,61,64,66,69,\
71,
73,75,77,79,81,83,85,86,88,89,92,94,96,99,101,102,103,105,107,109,111\
,112,
114,116,118,119,121,123,124,125,127,128,129,132,134,136,138,140,142,1\
45,
147,149,151,153,154,155,157,159,160,161,163,165,166,168,169,171,174,1\
75,
176,177,179,180,181,184,186,188,191,193,195,197,199,201,204,206,208,2\
09,
211,213,215,217,220,221,223,225,228,231,232,234,235,235,238,240,242,2\
44,
246,247,249,251,254,255,257,259,261,262,263,265,267,268,269,271,273,2\
74,
276,277,279,281,284,287,288,290,291,293,294,296,298,299,301,302,303,3\
05,
305,308,309,312,314,316,316,318,323,324,325,327,328,329,332,333,335,3\
37,
339,341,343,346,349,350,352,354,356,357,359,362,364,366,366,368,372,3\
74,
375,380,380,382,386,386,387,389,390,391,393,395,397,398,400,402,403,4\
05,
406,407,409,411,413,413,415,417,418,420,421,422,427,428,430,434,434,4\
35,
436,439,440,439,440,442,442,443,444,446,448,451,453,455,457,459,460,4\
65,
469,469,470,473,473,475,475,476,476,479,480,482,484,485,486,488,489,4\
90,
493,497,498,499,502,503,502,503,505,505,506,507,506,507,511,513,515,5\
18,
521,521,523,523,524,524,527,528,530,532,533,536,537,539,539,540,541,5\
40,
541,545,548,548,549,549,552,553,555,556,557,556,557,561,561,564,565,5\
70,
571,570,571]);

