MOT("2.Alt(13)",
0,
0,
0,
0,
[(75,76),(71,73)(72,74),(66,67),(64,65),(59,61)(60,62),(57,58),(47,48),(45,46)
,(79,81)(80,82)],
["ConstructPermuted",["DoubleCoverAlternating",13],(),()]);
ALF("2.Alt(13)","Alt(13)",[1,1,2,3,4,5,5,6,7,8,8,9,10,10,11,12,12,13,14,
15,16,17,18,19,20,21,21,22,23,24,24,25,26,26,27,28,29,29,30,30,31,32,33,
34,35,35,36,36,37,38,38,39,40,40,41,41,42,42,43,43,44,44,45,46,46,47,47,
48,48,49,50,50,51,51,52,52,53,53,54,54,55,55]);
ALF("2.Alt(13)","2.Sym(13)",[1,2,4,6,8,9,10,12,14,16,17,19,21,22,24,25,26,
28,30,33,35,37,39,41,42,45,46,48,50,51,52,54,55,56,59,63,64,65,67,68,70,
72,74,77,80,80,82,82,83,84,85,87,89,90,93,94,96,96,97,98,97,98,102,105,
105,106,106,109,110,112,113,114,113,114,118,118,121,122,127,128,127,128]);

