MOT("2.Alt(12)",
0,
0,
0,
0,
[(60,61),(56,58)(57,59),(52,53),(47,49)(48,50),(38,39),(32,33),(62,64)(63,65)]
,
["ConstructPermuted",["DoubleCoverAlternating",12],(),()]);
ALF("2.Alt(12)","Alt(12)",[1,1,2,3,4,5,5,6,7,8,8,9,10,10,11,11,12,13,14,
15,16,17,18,19,19,20,21,21,22,23,23,24,24,25,25,26,27,28,28,29,30,31,31,
32,33,33,34,34,35,35,36,37,37,38,38,39,39,40,40,41,41,42,42,43,43]);
ALF("2.Alt(12)","2.Sym(12)",[1,2,4,6,8,9,10,12,14,15,16,18,20,21,23,24,26,
28,31,34,35,37,38,40,41,43,45,46,48,49,50,52,52,55,56,59,61,63,63,65,70,
71,72,74,75,76,81,82,81,82,84,88,88,89,90,93,94,93,94,96,96,97,98,97,98]);

