MOT("Alt(17)",
[
"computed using generic character table for alternating groups"
],
0,
0,
0,
[(151,152),(144,145),(130,131),(127,128),(155,156)],
["ConstructPermuted",["Alternating",17],(),()]);
ALF("Alt(17)","Sym(17)",[1,3,5,7,9,10,12,14,16,18,20,22,24,26,28,29,31,32,
35,37,39,42,44,46,48,50,52,55,57,59,60,62,64,66,68,71,72,73,75,77,79,80,
82,84,85,87,89,91,93,95,98,101,102,104,105,107,109,111,113,114,116,118,
121,123,125,127,129,132,135,136,138,140,142,143,145,148,150,152,154,157,
159,160,163,164,166,168,170,172,174,176,177,179,181,183,185,187,189,190,
193,195,198,199,201,203,205,208,210,212,214,216,217,221,224,225,227,229,
230,231,233,235,236,238,239,242,245,246,248,248,250,251,251,254,256,258,
261,263,265,266,268,270,272,274,276,277,277,280,283,284,286,288,289,289,
292,294,297,297]);

