MOT("Alt(16)",
[
"computed using generic character table for alternating groups"
],
0,
0,
0,
[(122,123),(119,120),(114,115),(104,105),(83,84)],
["ConstructPermuted",["Alternating",16],(),()]);
ALF("Alt(16)","Sym(16)",[1,3,5,7,9,10,12,14,16,17,19,21,23,25,27,29,30,32,
34,36,39,41,44,46,48,50,52,54,55,57,58,61,64,65,67,69,71,73,75,76,78,79,
82,84,86,89,91,92,94,96,98,100,101,103,105,107,109,111,113,116,118,120,
122,124,126,129,130,132,134,135,137,139,141,142,144,146,148,150,153,154,
155,157,158,158,161,163,166,168,171,174,175,177,178,181,183,186,187,189,
191,193,194,196,198,201,201,203,205,207,209,212,213,215,216,219,219,221,
224,225,227,227,229,230,230]);

