MOT("Alt(18)",
[
"computed using generic character table for alternating groups"
],
0,
0,
0,
[(196,197),(191,192),(181,182),(159,160),(199,200)],
["ConstructPermuted",["Alternating",18],(),()]);
ALF("Alt(18)","Sym(18)",[1,3,5,7,9,11,13,15,17,19,21,23,25,26,28,30,31,33,
35,37,39,41,43,45,47,49,51,53,55,58,61,62,64,66,68,70,72,74,75,77,79,81,
83,85,87,89,91,92,94,96,98,100,102,104,105,107,109,112,114,116,118,120,
121,124,126,128,129,131,132,135,138,139,141,143,145,147,150,152,155,157,
159,161,163,165,166,168,169,172,175,177,179,181,184,186,188,189,191,193,
195,197,198,200,202,204,206,208,210,211,213,214,217,219,221,224,226,227,
229,231,233,235,236,238,241,242,244,246,247,250,252,254,256,258,260,263,
265,267,269,271,273,276,277,279,281,282,285,287,289,291,293,294,296,298,
300,302,305,306,307,309,310,310,313,315,318,320,322,325,328,329,331,332,
335,337,340,341,343,345,347,348,350,352,355,355,357,359,361,363,366,367,
369,370,373,373,375,378,379,381,381,383,384,384]);

