MOT("Alt(15)",
[
"computed using generic character table for alternating groups"
],
0,
0,
0,
[(89,90),(82,83),(66,67),(93,94)],
["ConstructPermuted",["Alternating",15],(),()]);
ALF("Alt(15)","Sym(15)",[1,3,5,7,9,11,13,15,16,18,20,21,23,25,27,29,31,33,
35,37,40,43,44,46,48,50,51,53,55,57,59,61,63,65,67,68,70,72,74,76,78,80,
81,84,86,88,91,93,95,97,99,100,104,107,108,110,111,113,115,116,118,119,
122,125,126,128,128,130,131,133,135,137,140,142,144,145,147,149,151,153,
155,156,156,159,162,163,165,167,168,168,171,173,176,176]);

