MOT("Alt(19)",
[
"computed using generic character table for alternating groups"
],
0,
0,
0,
[],
["ConstructPermuted",["Alternating",19],(),()]);
ALF("Alt(19)","Sym(19)",[1,3,5,7,9,11,13,15,17,19,20,22,24,26,27,29,3\
1,33,
35,37,39,40,42,44,46,48,50,52,54,57,59,62,64,66,68,70,72,74,76,78,79,\
81,
82,85,87,89,92,94,95,97,99,101,103,105,107,109,111,113,114,116,117,12\
0,
122,124,126,128,130,133,135,137,139,141,142,144,146,147,149,151,153,1\
55,
158,159,160,162,163,166,168,170,173,175,177,179,181,183,186,188,190,1\
91,
193,195,197,199,202,203,205,207,210,213,214,216,217,220,222,224,226,2\
28,
229,231,233,236,238,240,242,243,245,247,248,250,252,254,256,258,261,2\
64,
265,267,268,270,272,274,276,277,279,281,284,286,288,290,293,294,296,2\
97,
300,302,304,306,308,310,313,316,317,319,321,323,324,326,329,331,333,3\
35,
338,340,341,344,346,349,350,352,353,355,357,359,361,363,365,366,368,3\
70,
372,374,376,378,379,382,384,387,388,390,390,392,393,395,397,400,402,4\
04,
406,408,409,413,416,417,419,421,422,424,426,428,429,431,432,435,438,4\
39,
441,441,443,444,444,447,449,451,454,456,458,459,461,463,465,467,469,4\
70,
470,473,476,477,479,481,482,482,485,487,490,490]);

