## This is a GAP library file generated by 
## SPECHT version 2.3, (C) Andrew Mathas 1996.

## This file contains the decomposition matrix
## of the symmetric group Sym(14) over a field
## of characteristic 7.

A_Specht_Decomposition_Matrix:=rec(
d:=[[1,5],[1,1,4,6],[1,1,3,7],[1,1,11,12],[1,1,10,13],[1,1,1,1,2,8,9,14],[1,
16],[1,1,15,17],[1,18],[1,1,1,1,1,2,14,19],[1,20],[1,1,17,21],[1,1,13,22],[1,
1,12,23],[1,1,6,24],[1,27],[1,1,26,28],[1,1,1,1,9,14,25,29],[1,30],[1,1,31,
32],[1,33],[1,1,1,1,14,19,29,34],[1,1,32,35],[1,1,28,36],[1,1,7,37],[1,38],[1,
39],[1,40],[1,41],[1,1,1,1,8,14,34,42],[1,43],[1,1,36,44],[1,1,23,45],[1,1,35,
46],[1,1,21,47],[1,1,49,50],[1,1,1,1,25,29,48,51],[1,52],[1,53],[1,54],[1,1,1,
1,29,34,51,55],[1,56],[1,1,50,57],[1,1,37,58],[1,1,24,59],[1,60],[1,61],[1,1,
1,1,34,42,55,62],[1,1,57,63],[1,1,22,64],[1,65],[1,66],[1,67],[1,1,1,1,19,34,
62,68],[1,1,63,69],[1,1,46,70],[1,72],[1,1,1,1,48,51,71,73],[1,74],[1,75],[1,
76],[1,1,1,1,51,55,73,77],[1,78],[1,1,58,79],[1,80],[1,81],[1,1,1,1,55,62,77,
82],[1,83],[1,1,64,84],[1,1,47,85],[1,86],[1,1,1,1,62,68,82,87],[1,1,44,88],[
1,89],[1,1,1,1,42,62,87,90],[1,1,1,1,71,73,91,92],[1,93],[1,94],[1,1,1,1,73,
77,92,95],[1,96],[1,97],[1,1,59,98],[1,1,1,1,77,82,95,99],[1,100],[1,1,45,
101],[1,1,1,1,82,87,99,102],[1,103],[1,1,1,1,87,90,102,104],[1,1,1,1,68,87,
104,105],[1,1,1,91,92,106],[1,107],[1,108],[1,109],[1,1,79,110],[1,1,98,111],[
1,112],[1,1,84,113],[1,1,101,114],[1,1,88,115],[1,1,69,116],[1,1,1,1,92,95,
106,117],[1,1,110,118],[1,1,111,119],[1,120],[1,121],[1,1,85,122],[1,1,70,
123],[1,1,1,1,95,99,117,124],[1,1,113,125],[1,1,114,126],[1,1,122,127],[1,
128],[1,1,1,1,99,102,124,129],[1,1,115,130],[1,1,123,131],[1,1,1,1,102,104,
129,132],[1,1,116,133],[1,1,1,1,104,105,132,134],[1,1,1,1,90,104,134,
135]],rows:=[[1,1,1,1,1,1,1,1,1,1,1,1,1,1],[2,1,1,1,1,1,1,1,1,1,1,1,1],[2,2,1,
1,1,1,1,1,1,1,1,1],[2,2,2,1,1,1,1,1,1,1,1],[2,2,2,2,1,1,1,1,1,1],[2,2,2,2,2,1,
1,1,1],[2,2,2,2,2,2,1,1],[2,2,2,2,2,2,2],[3,1,1,1,1,1,1,1,1,1,1,1],[3,2,1,1,1,
1,1,1,1,1,1],[3,2,2,1,1,1,1,1,1,1],[3,2,2,2,1,1,1,1,1],[3,2,2,2,2,1,1,1],[3,2,
2,2,2,2,1],[3,3,1,1,1,1,1,1,1,1],[3,3,2,1,1,1,1,1,1],[3,3,2,2,1,1,1,1],[3,3,2,
2,2,1,1],[3,3,2,2,2,2],[3,3,3,1,1,1,1,1],[3,3,3,2,1,1,1],[3,3,3,2,2,1],[3,3,3,
3,1,1],[3,3,3,3,2],[4,1,1,1,1,1,1,1,1,1,1],[4,2,1,1,1,1,1,1,1,1],[4,2,2,1,1,1,
1,1,1],[4,2,2,2,1,1,1,1],[4,2,2,2,2,1,1],[4,2,2,2,2,2],[4,3,1,1,1,1,1,1,1],[4,
3,2,1,1,1,1,1],[4,3,2,2,1,1,1],[4,3,2,2,2,1],[4,3,3,1,1,1,1],[4,3,3,2,1,1],[4,
3,3,2,2],[4,3,3,3,1],[4,4,1,1,1,1,1,1],[4,4,2,1,1,1,1],[4,4,2,2,1,1],[4,4,2,2,
2],[4,4,3,1,1,1],[4,4,3,2,1],[4,4,3,3],[4,4,4,1,1],[4,4,4,2],[5,1,1,1,1,1,1,1,
1,1],[5,2,1,1,1,1,1,1,1],[5,2,2,1,1,1,1,1],[5,2,2,2,1,1,1],[5,2,2,2,2,1],[5,3,
1,1,1,1,1,1],[5,3,2,1,1,1,1],[5,3,2,2,1,1],[5,3,2,2,2],[5,3,3,1,1,1],[5,3,3,2,
1],[5,3,3,3],[5,4,1,1,1,1,1],[5,4,2,1,1,1],[5,4,2,2,1],[5,4,3,1,1],[5,4,3,2],[
5,4,4,1],[5,5,1,1,1,1],[5,5,2,1,1],[5,5,2,2],[5,5,3,1],[5,5,4],[6,1,1,1,1,1,1,
1,1],[6,2,1,1,1,1,1,1],[6,2,2,1,1,1,1],[6,2,2,2,1,1],[6,2,2,2,2],[6,3,1,1,1,1,
1],[6,3,2,1,1,1],[6,3,2,2,1],[6,3,3,1,1],[6,3,3,2],[6,4,1,1,1,1],[6,4,2,1,1],[
6,4,2,2],[6,4,3,1],[6,4,4],[6,5,1,1,1],[6,5,2,1],[6,5,3],[6,6,1,1],[6,6,2],[7,
1,1,1,1,1,1,1],[7,2,1,1,1,1,1],[7,2,2,1,1,1],[7,2,2,2,1],[7,3,1,1,1,1],[7,3,2,
1,1],[7,3,2,2],[7,3,3,1],[7,4,1,1,1],[7,4,2,1],[7,4,3],[7,5,1,1],[7,5,2],[7,6,
1],[7,7],[8,1,1,1,1,1,1],[8,2,1,1,1,1],[8,2,2,1,1],[8,2,2,2],[8,3,1,1,1],[8,3,
2,1],[8,3,3],[8,4,1,1],[8,4,2],[8,5,1],[8,6],[9,1,1,1,1,1],[9,2,1,1,1],[9,2,2,
1],[9,3,1,1],[9,3,2],[9,4,1],[9,5],[10,1,1,1,1],[10,2,1,1],[10,2,2],[10,3,1],[
10,4],[11,1,1,1],[11,2,1],[11,3],[12,1,1],[12,2],[13,1],[14]],cols:=[[2,2,2,2,
1,1,1,1,1,1],[2,2,2,2,2,1,1,1,1],[2,2,2,2,2,2,1,1],[3,2,2,2,1,1,1,1,1],[3,2,2,
2,2,1,1,1],[3,2,2,2,2,2,1],[3,3,2,1,1,1,1,1,1],[3,3,2,2,1,1,1,1],[3,3,2,2,2,1,
1],[3,3,2,2,2,2],[3,3,3,1,1,1,1,1],[3,3,3,2,1,1,1],[3,3,3,2,2,1],[3,3,3,3,1,
1],[3,3,3,3,2],[4,2,2,1,1,1,1,1,1],[4,2,2,2,1,1,1,1],[4,2,2,2,2,1,1],[4,2,2,2,
2,2],[4,3,2,1,1,1,1,1],[4,3,2,2,1,1,1],[4,3,2,2,2,1],[4,3,3,1,1,1,1],[4,3,3,2,
1,1],[4,3,3,2,2],[4,3,3,3,1],[4,4,1,1,1,1,1,1],[4,4,2,1,1,1,1],[4,4,2,2,1,1],[
4,4,2,2,2],[4,4,3,1,1,1],[4,4,3,2,1],[4,4,3,3],[4,4,4,1,1],[4,4,4,2],[5,2,2,1,
1,1,1,1],[5,2,2,2,1,1,1],[5,2,2,2,2,1],[5,3,1,1,1,1,1,1],[5,3,2,1,1,1,1],[5,3,
2,2,1,1],[5,3,2,2,2],[5,3,3,1,1,1],[5,3,3,2,1],[5,3,3,3],[5,4,1,1,1,1,1],[5,4,
2,1,1,1],[5,4,2,2,1],[5,4,3,1,1],[5,4,3,2],[5,4,4,1],[5,5,1,1,1,1],[5,5,2,1,
1],[5,5,2,2],[5,5,3,1],[5,5,4],[6,2,1,1,1,1,1,1],[6,2,2,1,1,1,1],[6,2,2,2,1,
1],[6,2,2,2,2],[6,3,1,1,1,1,1],[6,3,2,1,1,1],[6,3,2,2,1],[6,3,3,1,1],[6,3,3,
2],[6,4,1,1,1,1],[6,4,2,1,1],[6,4,2,2],[6,4,3,1],[6,4,4],[6,5,1,1,1],[6,5,2,
1],[6,5,3],[6,6,1,1],[6,6,2],[7,2,1,1,1,1,1],[7,2,2,1,1,1],[7,2,2,2,1],[7,3,1,
1,1,1],[7,3,2,1,1],[7,3,2,2],[7,3,3,1],[7,4,1,1,1],[7,4,2,1],[7,4,3],[7,5,1,
1],[7,5,2],[7,6,1],[7,7],[8,1,1,1,1,1,1],[8,2,1,1,1,1],[8,2,2,1,1],[8,2,2,2],[
8,3,1,1,1],[8,3,2,1],[8,3,3],[8,4,1,1],[8,4,2],[8,5,1],[8,6],[9,1,1,1,1,1],[9,
2,1,1,1],[9,2,2,1],[9,3,1,1],[9,3,2],[9,4,1],[9,5],[10,1,1,1,1],[10,2,1,1],[
10,2,2],[10,3,1],[10,4],[11,1,1,1],[11,2,1],[11,3],[12,1,1],[12,2],[13,1],[
14]]);
