SMALL_GROUP_LIB[ 6561 ][ 19 ] := [

676611967942659
,
2029011270107265
,
2029011270107268
,
13313695651712729228
,
13312343252410564741
,
13313695651712729221
,
13313695651712729219
,
13313695651713777793
,
13313695651713777808
,
87351157171196454240401
,
87351158523595756404881
,
87351158523595756404869
,
87351158523595756404867
,
29117052390398818779312
,
29117052841199123038337
,
191036983691554820348444803
,
191036983691554820348444805
,
676611967943040
,
4439251430909411713
,
4439251430909411714
,
4439251224750981506
,
4439251224750981512
,
29125927285900424774040
,
29125928638299726938499
,
29125927285900424774019
,
29125927285900424774022
,
29125927962203155071366
,
29125927286003503989126
,
29125928638402806153606
,
29125929314602457235846
,
29125927285900424774025
,
29125927285900424774026
,
29125927285900424774028
,
13312343252410597760
,
87342284079374952071553
,
87342284079374952071554
,
573052725844779369561620867
,
87342284079478031286657
,
573052725845455775371133315
,
87342284079374952071568
,
87342284079478031286672
,
24668040807671472725773052993896847
,
3759798934258722999575852908939
,
3759798934258722999782011339147
,
3759798934258722999472773693835
,
573052725843426764101026186
,
573052725846132078101430659
,
573052725844779472640835971
,
573052725843426867180241283
,
573052725843426764101026179
,
573052725844779163403190659
,
573052725844779163403190673
,
3759798934267596091294274847129
,
573052725844779163403190680
,
573052725845455466133488017
,
573052725845455466133488024
,
191017575281142254700364208
,
4437898825448849792
,
29117054194078923653505
,
29117054194078923653508
,
29117054193872765223297
,
29117054193872765223300
,
29117054194078923653520
,
29117054193872765223312
,
191036992565999521650213251
,
191036992567351920952377733
,
191036992567351920952377734
,
191036992567352024031592838
,
191036992565999521650213253
,
191036992565999521650213254
,
191036992565999830887858566
,
191036992565999521650213260
,
191036992567351920952377745
,
191036992567351920952377748
,
191036992565999521650213265
,
191036992565999521650213268
,
63678997521999840550093232
,
174680127554713535152512
,
1146076316886475806277140865
,
1146076316886475806277140880
,
7519406715092166412681002123660
,
7519406715092166412681002123654
,
7519406715092167088983732420998
,
7519406715092168441589193015686
,
7519406715092167765080304288145
,
2506468905030722137560334762416
,
4437447750837076352
,
29114094693056298090912
,
29114094693125017567648
,
29114094693056298090896
,
191017575281593054501274032
,
191017575281818488744706480
,
29114094693125017567632
,
191017575281593054501274008
,
29114094693056298090884
,
191017575281593054501274020
,
191017575281818488744706468
,
191017575281142186014409108
,
1253266311422532030397098754484
,
1253266311424011104468259045812
,
191017575281593054501274004
,
191017575281818488744706452
,
1253266311422532030397098754460
,
29114094693125017567620
,
191017575281142254733885844
,
191017575281593123220750740
,
1253266311422532030465818231196
,
29114094693056298090882
,
191017575281593054501274018
,
191017575281818488744706466
,
191017575281593054501274002
,
1253266311422532030397098754458
,
191017575281142186014409094
,
1253266311425490178539419337126
,
1253266311422532030397098754454
,
8222680269243232651435179167973790
,
191017575281593054501273990
,
1253266311422532481265585619350
,
191017575281818488744706438
,
1253266311422532706699829051798
,
191017575282269357231571334
,
1253266311422533157568315916694
,
191017575282494791475003782
,
1253266311422533383002559349142
,
29114094693125017567618
,
191017575281142254733885842
,
1253266311422532030465818231194
,
191017575281142254733885830
,
1253266311419573882323497648534
,
191017575281367688977318278
,
1253266311419574107757741080982
,
191017575281818557464183174
,
1253266311419574558626227945878
,
29114094693056298090881
,
191017575281593054501274017
,
191017575281818488744706465
,
191017575281593054501274001
,
191017575281818488744706449
,
191017575281593054501273989
,
1253266311422532481265585619349
,
191017575281818488744706437
,
1253266311424011780770989343125
,
191017575281593054501273987
,
191017575281818488744706435
,
1253266311429928077055630508423
,
29114094693125017567617
,
29114094242256530735488
,
191017572323444912180724128
,
191017572323444912180724112
,
1253266292014122519500242846128
,
191017572323444980900200848
,
1253266292014122068700475457968
,
191017572323444912180724104
,
1253266292014122519500242846120
,
1253266292014122744934486278568
,
1253266292014122519500242846104
,
1253266292014122744934486278552
,
191017572323444980900200840
,
1253266292014122068700475457944
,
1253266292014122068631755981204
,
8222680141904657850440907338318260
,
8222680141904659329514978498609588
,
1253266292014122294065999413652
,
8222680141904657850666341581750708
,
1253266292014122519500242846100
,
1253266292014122744934486278548
,
1253266292014122970368729710996
,
1253266292014122519500242846092
,
8222680141904654892743633504600476
,
8222680141904656371817704664891804
,
1253266292014122068700475457940
,
1253266292014122745003205755284
,
1253266292014123421305936052628
,
1253266292014122068700475457932
,
8222680141904657850440976057794972
,
8222680141904662287663189538668956
,
1253266292014122745037565493652
,
1253266292014122970471808926100
,
8222680141904659329515081577824668
,
8222680141904665245811366218989980
,
1253266292014122519500242846098
,
1253266292014123195802973143442
,
1253266292014123421237216575890
,
8222680141904657850440907338318234
,
8222680141904662287663120819192218
,
8222680141904663766737191979483546
,
1253266292014122519500242846090
,
8222680141904657850440907338318222
,
1253266292014122519500242846086
,
8222680141904657850891775825183126
,
8222680141904659329965846985474454
,
8222680141904663767188060466348438
,
53949004411036469860948224611889217950
,
8222680141904657850891775825183118
,
8222680141904659330191281228906902
,
8222680141904662288339423549489558
,
1253266292014123195802973143430
,
8222680141904657851568078555480462
,
1253266292014123421237216575878
,
53949004411036489269359088114205753758
,
1253266292014122068700475457930
,
1253266292014122519500242846089
,
1253266292014122744934486278537
,
1253266292014123195802973143433
,
1253266292014123421237216575881
,
1253266292014122068700475457929
,
4437447751341441152
,
29114094693056802455712
,
29114094693125521932448
,
29114094693159881670816
,
191017575281593055005638832
,
29114094693056802455688
,
191017575281142186518773928
,
191017575281593055005638824
,
191017575281818489249071272
,
1253266311422532030397603119288
,
29114094693125521932424
,
191017575281142255238250664
,
191017575281593123725115560
,
191017575281818557968548008
,
1253266311422532030466322596024
,
29114094693159881670792
,
191017575281142289597989032
,
191017575281593158084853928
,
191017575281818592328286376
,
191017575282044026571718824
,
1253266311422532030500682334392
,
191017575281593055005638796
,
1253266311419574333123769401516
,
1253266311422532481266089984172
,
1253266311424011555337250275500
,
8222680269243232651886048159203516
,
191017575281593055005638818
,
1253266311422532030397603119274
,
1253266311422532481266089984170
,
1253266311422532706700333416618
,
8222680269243235609583321992921262
,
5916521822501732480
,
38818299673939473858720
,
38818299674042553073824
,
38818299674076912812192
,
254686864161164262080774320
,
254686864160713393593909416
,
254686864161164262080774312
,
254686864161389696324206760
,
254686864161615130567639208
,
1671000515761398720017567056056
,
254686864160713462313386152
,
254686864161164330800251048
,
254686864161615199287115944
,
1671000515761398720086286532792
,
254686864160713496673124520
,
254686864161615233646854312
,
1671000515761398720120646271160
,
254686864161615268006592680
,
1671000515761398720155006009528
,
10963434383910537002482631548338364
,
10963434383939649617425279562547388
,
1671000515758440571875246473386
,
1671000515761398720017567056042
,
1671000515762877794088727347370
,
1671000515764356868159887638698
,
10963434383910537002031763061473466
,
1671000515758441022743733338282
,
1671000515762878244957214212266
,
1671000515764357319028374503594
,
10963434383910537002482631548338362
,
1671000515761399396320297353386
,
1671000515764357544462617936042
,
10963434383910537002708065791770810
,
1671000515758441473612220203178
,
1671000515762878695825701077162
,
1671000515764357769896861368490
,
10963434383910537002933500035203258
,
10963434383891131550218140039250094
,
10963434383920244165160788053459118
,
10963434383929948370141670724862126
,
71931092992837033273288542094254670014
,
71931092993028041139927255715480076478
,
1671000515762877794157446824106
,
1671000515764356868228607115434
,
10963434383910537002031831780950202
,
1671000515764357769965580845226
,
10963434383910537002933568754679994
,
71931092992837033273288542162974146750
,
71931092993028041139927255784199553214
,
1671000515764357770034300321962
,
10963434383910537002933637474156730
,
71931092992837033273288542231693623486
,
71931092993028041139927255852919029950
,
471939901126003775306046125127778983477439
,
471939901127256977919062725196638875287743
,
29114094242257034051968
,
191017572323444912684040608
,
191017572323444981403517344
,
191017572323445015763255712
,
1253266292014122519500746162608
,
191017572323444912684040584
,
1253266292014122068632259297704
,
1253266292014122519500746162600
,
1253266292014122744934989595048
,
8222680141904657850440907841634744
,
191017572323444981403517320
,
1253266292014122068700978774440
,
1253266292014122519569465639336
,
1253266292014122745003709071784
,
8222680141904657850440976561111480
,
191017572323445015763255688
,
1253266292014122068735338512808
,
1253266292014122519603825377704
,
1253266292014122745038068810152
,
1253266292014122970472312242600
,
8222680141904657850441010920849848
,
1253266292014122519500746162572
,
8222680141904654892743634007916972
,
8222680141904657850891776328499628
,
8222680141904659329965847488790956
,
53949004411036460156743243729721131452
,
53949004411036489269358186377735340476
,
191017572323444912684040578
,
1253266292014122068632259297698
,
1253266292014122519500746162594
,
1253266292014122744934989595042
,
8222680141904657850440907841634738
,
1253266292014122519500746162570
,
8222680141904654892743634007916970
,
8222680141904657850891776328499626
,
8222680141904659329965847488790954
,
53949004411036460156743243729721131450
,
1253266292014122744934989595018
,
8222680141904654892969068251349418
,
8222680141904657851117210571932074
,
8222680141904659330191281732223402
,
8222680141904660809265352892514730
,
53949004411036460156743469163964563898
,
53949004411036489269358411811978772922
,
8222680141904657850440907841634702
,
53949004411036440751290979238212043182
,
53949004411036460159700941003554849198
,
53949004411036469863905921886226252206
,
53949004411036479568110902768897655214
,
353959417940810215088392422107212612141502
,
353959417940810406096259060820833837547966
,
1253266292014122519500746162566
,
8222680141904654892743634007916966
,
8222680141904657850891776328499622
,
8222680141904659329965847488790950
,
53949004411036460156743243729721131446
,
1253266292014122744934989595014
,
8222680141904654892969068251349414
,
8222680141904657851117210571932070
,
8222680141904659330191281732223398
,
8222680141904660809265352892514726
,
53949004411036460156743469163964563894
,
1253266292014123195803476459910
,
8222680141904654893419936738214310
,
8222680141904657851568079058796966
,
8222680141904659330642150219088294
,
53949004411036460156743920032451428790
,
1253266292014123421237719892358
,
8222680141904654893645370981646758
,
8222680141904657851793513302229414
,
8222680141904659330867584462520742
,
8222680141904660809941655622812070
,
53949004411036460156744145466694861238
,
191017572323444981403517314
,
1253266292014122068700978774434
,
1253266292014122519569465639330
,
1253266292014122745003709071778
,
8222680141904657850440976561111474
,
1253266292014122068700978774410
,
8222680141904654892292834240528810
,
8222680141904657850440976561111466
,
8222680141904659329515047721402794
,
53949004411036460156742792929953743290
,
1253266292014122068700978774406
,
8222680141904654892292834240528806
,
8222680141904657850440976561111462
,
8222680141904659329515047721402790
,
53949004411036460156742792929953743286
,
1253266292014122294135222206854
,
8222680141904654892518268483961254
,
8222680141904657850666410804543910
,
8222680141904659329740481964835238
,
53949004411036460156743018364197175734
,
191017572323445015763255682
,
1253266292014122068735338512802
,
1253266292014122519603825377698
,
1253266292014122745038068810146
,
1253266292014122970472312242594
,
8222680141904657850441010920849842
,
1253266292014122519500746162563
,
8222680141904654892743634007916963
,
8222680141904657850891776328499619
,
8222680141904659329965847488790947
,
53949004411036460156743243729721131443
,
53949004411036489269358186377735340467
,
9705684280491691245952
,
63678994564302498533769632
,
63678994564302567253246368
,
417797883336389140260818289072
,
63678994564302498533769608
,
417797883336389140260818289064
,
2741171912570049149247741063365048
,
63678994564302567253246344
,
417797883336388689461050900904
,
2741171912570049149247809782841784
,
417797883336389140260818289036
,
63678994564302498533769602
,
417797883336389140260818289058
,
417797883336389140260818289034
,
417797883336389140260818289030
,
417797883336389816563548586374
,
63678994564302567253246338
,
417797883336388689461050900898
,
417797883336388689461050900874
,
417797883336388689461050900870
,
417797883336388914895294333318
,
417797883336389140260818289027
,
191066093347898526274716032
,
1253584638455562227393802305952
,
1253584638455562227462521782688
,
1253584638455562227496881521056
,
8224768812906943774378110806426032
,
1253584638455562227393802305928
,
8224768812906943773927242319561128
,
8224768812906943774378110806426024
,
8224768812906943774603545049858472
,
53962708181482458103694781506351301048
,
1253584638455562227462521782664
,
8224768812906943773927311039037864
,
8224768812906943774378179525902760
,
8224768812906943774603613769335208
,
53962708181482458103694781575070777784
,
1253584638455562227496881521032
,
8224768812906943773927345398776232
,
8224768812906943774378213885641128
,
8224768812906943774603648129073576
,
8224768812906943774829082372506024
,
53962708181482458103694781609430516152
,
8224768812906943774378110806425996
,
53962708181482458100737084232517583276
,
53962708181482458103695232374838165932
,
53962708181482458105174306445998457260
,
354049328378706407618341461910544763093436
,
354049328378706407647454076853192777302460
,
8224768812906943774378110806425994
,
53962708181482458100737084232517583274
,
53962708181482458103695232374838165930
,
53962708181482458105174306445998457258
,
354049328378706407618341461910544763093434
,
53962708181482458103694781506351301006
,
354049328378706407598936009646053254005166
,
354049328378706407618344419607818596811182
,
354049328378706407628048624588701268214190
,
354049328378706407637752829569583939617198
,
2322917643492692740383938331595080696046059966
,
2322917643492692740574946198233794317271466430
,
8224768812906943774378110806425990
,
53962708181482458100737084232517583270
,
53962708181482458103695232374838165926
,
53962708181482458105174306445998457254
,
354049328378706407618341461910544763093430
,
8224768812906943774603545049858438
,
53962708181482458100737309666761015718
,
53962708181482458103695457809081598374
,
53962708181482458105174531880241889702
,
53962708181482458106653605951402181030
,
354049328378706407618341462135979006525878
,
8224768812906943775054413536723334
,
53962708181482458100737760535247880614
,
53962708181482458103695908677568463270
,
53962708181482458105174982748728754598
,
354049328378706407618341462586847493390774
,
8224768812906943775279847780155782
,
53962708181482458100737985969491313062
,
53962708181482458103696134111811895718
,
53962708181482458105175208182972187046
,
53962708181482458106654282254132478374
,
354049328378706407618341462812281736823222
,
825917306634815603977027472003331171516800
,
5418843448831025177693277243813855580906553760
,
5418843448831025177693277243813855718345507232
,
35553031867780356190845591996662706916960970703280
,
5418843448831025177693277243813855580906553736
,
35553031867780356190845591996662706916960970703272
,
35553031867780356190845591996662707367829457568168
,
233263442084506916968137929090104020082180693368734136
,
233263442084506916968137929090104020082406127612166584
,
233263442084506916968137929090104024519853775336473016
,
233263442084506916968137929090104025999378714983629240
,
5418843448831025177693277243813855718345507208
,
5418843448831025177693277243813855580906553732
,
35553031867780356190845591996662706916960970703268
,
35553031867780356190845591996662707142395214135716
,
35553031867780356190845591996662707367829457568164
,
35553031867780356190845591996662706916960970703252
,
35553031867780356190845591996662707367829457568148
,
35553031867780356190845591996662707593263701000596
,
35553031867780356190845591996662707818697944433044
,
233263442084506916968137929090104020082180693368734108
,
233263442084506916968137929090104023040328835689316764
,
233263442084506916968137929090104024519402906849608092
,
233263442084506916968137929090104025998476978009899420
,
35553031867780356190845591996662706916960970703244
,
35553031867780356190845591996662706691595446747540
,
35553031867780356190845591996662707142463933612436
,
35553031867780356190845591996662707818766663909780
,
5418843448831025177693277243813855718345507204
,
35553031867780356190845591996662706466229922791820
,
233263442084506916968137929090104020082180693368734094
,
35553031867780356190845591996662706916960970703238
,
35553031867780356190845591996662707142395214135686
,
35553031867780356190845591996662707593263701000582
,
35553031867780356190845591996662708044132187865478
,
1530441443516449882227952952760172466054982998942664589749
,
10041226310911427677297599323059491549786740498365313124106685
,
40630155845260754765645298651537609028465811751296
,
266574452500755812017398804452738252835759993377751456
,
266574452500755812017398804452738252835760062097228192
,
1748994982857458882646153556014415676855421763222391456176
,
1748994982857458882646153556014415676855421763222391456168
,
11475156082527787729041413481010581255848422188497912821154232
,
11475156082527787729041413481010581255848422188723347064586680
,
1748994982857458882646153556014415676855421763222391456152
,
11475156082527787729041413481010581255848422188948781308019124
,
11475156082527787729041413481010581255848423668248286711742900
,
11475156082527787729041413481010581255848425147547792115466676
,
11475156082527787729041413481010581255848426626847297519190452
,
11475156082527787729041413481010581255848428106146802922914228
,
75288499057464815290240713848910423619621536799992173000479965628
,
75288499057464815290240713848910423619621517394540359377457742268
,
75288499057464815290240713848910423619621497989088545754435518908
,
75288499057464815290240713848910423619621527095787642986295427516
,
11475156082527787729041413481010581255848425147322357872034204
,
4645009441634508774478175844271510438026510720
,
30475906946564012069351311714265379979695274164640
,
199952425476406483187013956157295158047227365618188720
,
199952425476406483187013956157295158047452799861621168
,
199952425476406483187013956157295158047903668348486064
,
30475906946564012069351311714265379979695274164616
,
199952425476406483187013956157295158046776497131323816
,
199952425476406483187013956157295158047227365618188712
,
199952425476406483187013956157295158047452799861621160
,
199952425476406483187013956157295158047678234105053608
,
1311887863550702936189998566348013531947858967058516640184
,
1311887863550702936189998566348013531952296189271997514168
,
199952425476406483187013956157295158047227365618188696
,
1311887863550702936189998566348013531946380118421599781304
,
1311887863550702936189998566348013531949338266563920363960
,
1311887863550702936189998566348013531950817340635080655288
,
199952425476406483187013956157295158047227365618188684
,
1311887863550702936189998566348013531947859192492760072620
,
1311887863550702936189998566348013531944901044350439489948
,
8607296272756161964342580593809316783119605409224411011187132
,
8607296272756161964342580593809316783119615762742909133226428
,
1311887863550702936189998566348013531949338491998163796396
,
8607296272756161964342580593809316783139021214781966398882236
,
1311887863550702936189998566348013531946379892987356348842
,
1311887863550702936189998566348013531947858967058516640170
,
1311887863550702936189998566348013531950817115200837222826
,
1311887863550702936189998566348013531946380118421599781290
,
1311887863550702936189998566348013531947859192492760072618
,
8607296272756161964342580593809316783148728377685557147435450
,
8607296272756161964342580593809316783100198478336716828672430
,
370515881217674405109867015241723986764402632138174257457990263210431
];

