SMALL_GROUP_LIB[ 6561 ][ 5 ] := [

218686869734042450444364482465266202253065505856447434132
,
1434804552325052517365475369454611552982362783923928969891222
,
1434804552325052517365475369454611552982362783923928969891221
,
9413752667804669566434883898991706399117282225324897748810845591
,
1434804552325052517365475369454611552982362783923963329629589
,
9413752667804669566434883898991706399117282225324897783170583959
,
1434804552325050969225646941694023928372002835584776031031188
,
9413752667804659409089469584454490994048710604271715316946816918
,
9413752667804659409089469584454490994048710604271715316946816917
,
61763631253466370383036009943605915411953590274626724194265416978327
,
9413752667804659409089469584454490994048710604271715351306555285
,
61763631253466370383036009943605915411953590274626724194299776716695
,
1434804552325051743295561155574315256789054130775120990818196
,
9413752667804664487762176741723082399792984152015568598109376406
,
9413752667804664487762176741723082399792984152015568598109376405
,
61763631253466403704207641602445143625041769021374145571972969779095
,
9413752667804664487762176741723082399792984152015568632469114773
,
61763631253466403704207641602445143625041769021374145572007329517463
,
9413752230664198609816470714178429202385807386326694923788078484
,
61763628385387807079005864355724673996853282261689445394736320335253
,
61763628385387807079005864355724673996853282261689445394770680073621
,
61763628385387807079006638425638887877139451894616743913100114644884
,
405231165836529402245362554710616743361911943880580456813849614919126933
,
405231165836529402245362554710616743361911943880580456813849649278865301
,
61763628385387807079005090285810460116556986068380792245928341262228
,
405231165836529402245352397365202428824730385594646377925535609755520917
,
405231165836529402245352397365202428824730385594646377925535644115259285
,
218686874812714803660199962396964606043967113876091555716
,
1434804585646221826814571953286484780254468234140814048350086
,
1434804585646221826814571953286484780254468234140814048350085
,
9413752886424861405730406585512626643249566084197880748576198535
,
5080221436906091635810209426288952559656659898240
,
33331332847540867222550784045881817743907123373592450
,
33331332847540867222550784045881817743907123373592449
,
218686874812715629847155694125030606217774636231921291139
,
218686874812714685679722258711506423235068370353560866692
,
1434804585646221052744657739406193642845283577889490197663622
,
1434804585646221052744657739406193642845283577889490197663621
,
9413752886424856327057699428244036490707905554532944964222308231
,
9413752230697519781447775611970790480138221412900769043314102148
,
61763628385606427286078855790140356340186870690041945692946558340997
,
1434804485703020847652475779979956434323492353972634580930432
,
9413752230697519781447893592448494165596433334414455248218738561
,
1434804485703020847652601703917729839362224972246559241981828
,
9413752230697519781448719779404225476055558042909674949806837637
,
1434586065407740854924002782709886103712202461745288764904845
,
9412319175140187749156382257359562726455760351509036152344728975
,
9412319175140187749156382257359562726455760351509261586588161423
,
61754226108094771781571712142062582551644446998904870698916487878541
,
405169477495209797658892003364072604121339216759814856653787642341873551
,
405169477495209797658892003364072604121339216759814856654013076585305999
,
61754226108094771786650384849219851143050191272452614552197650438029
,
405169477495209797692213174995731443349552304938561604075165349894674319
,
405169477495209797692213174995731443349552304938561604075390784138106767
,
9412319175173498763442626782009455363858990997097701253973269901
,
61754226108313325386947074316764036642278839931958014771491561004431
,
61754226108313325386947074316764036642278839931958014996925804436879
,
61754226108313358708118705975603262081183855578200745071082821902221
,
405169477496643946483966829905933002514647276448575088408218567434297231
,
405169477496643946483966829905933002514647276448575088408444001677729679
,
9412319175173539406754475003628838152232895562697140245429936013
,
61754226108313592047716110498808807116800027786855933994439173922703
,
61754226108313592047716110498808807116800027786855934219873417355151
,
61754223239360414549463418910849807124762107468128862455338013808525
,
405169458673443679859029491474085584545564187098393466567669273968498575
,
405169458673443679859029491474085584545564187098393466567894708211931023
,
61754223239360414554542091618007075716167851741676606984921906665357
,
405169458673443679892350663105744423773777275277140218426269195002173327
,
405169458673443679892350663105744423773777275277140218426494629245605775
,
61754223239360414559620764325164344307573596015224350838203069224845
,
405169458673443679925671834737403263001990363455886965847646902554974095
,
405169458673443679925671834737403263001990363455886965847872336798406543
,
61754223239579068108196330647754400416993624067896082436006841933709
,
405169458674878265857876125379916621135895167509466196859485062860889999
,
405169458674878265857876125379916621135895167509466196859710497104322447
,
61754223239579101429367962306593625889745422351679498755387886395277
,
405169458674878484478083200693560779462619716049369191330944095573237647
,
405169458674878484478083200693560779462619716049369191331169529816670095
,
61754223239579034787024698988915174945495028397129265509182958985101
,
405169458674878047237669050066272462817392881313565111002593566835072911
,
405169458674878047237669050066272462817392881313565111002819001078505359
,
9412318956519980671518405175291155816942146978915352865649448837
,
61754224673727593185832256355085273314957426328663628348091404638087
,
61754224673727593185832256355085273314957426328663628573525648070535
,
1434586032086569223028878995504501769283731752813953159518081
,
9412318956519980672292475089505036108270564030210543244968974211
,
9412318956519980672292475089505036108270564030210768679212406659
,
9412318956519980673066545003718916399598981081505959058531932037
,
61754224673727593195989601769399810497768914875760595579593376913287
,
61754224673727593195989601769399810497768914875760595805027620345735
,
1434586032091650992251977681343852625359426585761213311082369
,
9412318956553322160165225567297017074983197829176164706945326979
,
9412318956553322160165225567297017074983197829176390141188759427
,
9412318956553327238837932724565608063056936326933350443705950085
,
61754224673946380014015676605874954501716559241009709105327672385415
,
61754224673946380014015676605874954501716559241009709330761915817863
,
9412318956553317081492518410028426087100467198057918025653542789
,
61754224673946313371672413288196503557466165286457997010485828116359
,
61754224673946313371672413288196503557466165286457997235920071548807
,
9415188128351007173479864890687713684368589954180606378845396924
,
61773049310110958065201393547802089483142318689378958451635623813053
,
405292976523637995865786343067129509098896752921015346401181358812028863
,
405292976523637995865786343067129509098896752921015346401181393171767231
,
9415188128384328345111523747895273764764853242994645190283091900
,
61773049310329578272276707309940891170622202127287867093478340550589
,
405292976525072363044407476660522186970452268157135696000311423327002559
,
405292976525072363044407476660522186970452268157135696000311457686740927
,
9415188128417649516743182605102833845161116531808684001720786876
,
61773049310548198479352021072079692858102085565196775735321057288125
,
405292976526506730223028610253914864842007783393256045599441487841976255
,
405292976526506730223028610253914864842007783393256045599441522201714623
,
810338813827174804653326838096969087270500242195176486100586696187305916
,
810338813827174804686648009728627944478060322591439774914625507625000892
,
810338813827174804719969181360286747739357163991151530936113470721482684
,
810277069021990339265077739129213675730541736482401770194176808978997180
,
810277069021990339298398910760872532938101816878665059008215620416692156
,
810277069021990339331720082392531390145661897274928347822254431854387132
,
61754220372593939183302237573445473032672458944402971249169041711036
,
405169439864588834981645980719375748567364003134227894365798099883384765
,
405169439864588834981645980719375748567364003134227894365798134243123133
,
61754220372593972504473869232302680592752855207691785287980479406012
,
405169439864589053601853056033137887369051483017665803274439942600122301
,
405169439864589053601853056033137887369051483017665803274439976959860669
,
61754220372594005825645500891105941889594254919447806775943575887804
,
405169439864589272222060131346546084737627906526497060256965818617159613
,
405169439864589272222060131346546084737627906526497060256965852976897981
,
437507120648618076168339570416912911486019574287361466286
,
2870484218575583197740475921505365612259774426899398592126895
,
123508430701557044813966363846217550231784028798988561180642306645950
,
437440478305354758489888625748784752596919863999792766894
,
2870046978161432570452159273537776761788391227702660355415983
,
123508430701119804399815736557900902264195178327605361307704418852798
,
437473799476986417329114098082848832041469719298195939246
,
2870265598368507884096317597521571187024082828315483569217455
,
123508430701338424606891050202059226247989603563296961244327981572030
,
20900005718223435427577157139184225866104200110
,
20900005718223435427577157139184225900463938478
,
137124937517263959840333727990187705907543862696879
,
137124937517263959840333727990187706132978106129327
,
2868953010907637521465788824646910160001956457195773495532478
,
5099572712875492026415587226348061615064625535918
,
5099572712875492026415587226348061615098985274286
,
33458296569176103185312667792069632256439041917017007
,
33458296569176103185312667792069632256664476160449455
,
18823200703698791359855447741181260638539718391303613358904957886
,
10178245420032760617403597295556939004263146806190
,
10178245420032760617403597295556939004331866282926
,
66779468200834942410785001856149076806970539971271599
,
66779468200834942410785001856149076807421408458136495
,
18823200922318998435169091899505244432964954082903549982467677118
,
61763626950802274952213952128951662134316582472283463011319732980671
,
2868953077458564678886060013315767110723488934669409196688311
,
61763626950802274952213952246932139838002040674502250790816205720511
,
2868953077458564678886077995403513442907330240704986069058487
,
61763626950802274952213952364912617541687498876721038570312678460351
,
2868953077458564678886095977491259775091175983962776422302647
,
33336414619595048040445512339957027020880819574490039
,
33336414619595048040445512339957027021106253817922487
,
33336414619595048040445512339957027020880888293966775
,
33336414619595048040445512339957027021106322537399223
,
61754218937790019833547775342107511675694270846156874466949897605055
,
5080995979209948036774724208782312278963303956919
,
5080995979209948036774724208782312504397547389367
,
5080995979209948036774724208782312278997663695287
,
5080995979209948036774724208782312504431907127735
,
9412318082272522455959119747824674281679317276812884982433795519
,
33336414619595030058357766007773181277623338458891191
,
33336414619595030058357766007773181278074206945756087
,
33336414619595030058357766007773181277623372818629559
,
33336414619595030058357766007773181278074241305494455
,
61754218937790019833547775224127033972008812643942523909976143384511
,
417925299583303499629694287991
,
2741172039966887654096213083422967
,
235978945717797517889775236883640441914103
,
101509475352759417847654480085241
,
2842263590020063768444237869220345
,
2842263590020063768444237869236473
,
5583017704687368119040821258371321
,
118088419564155440616344544559930807459201
,
774778120760423845883836556839673844143791491
,
774778120760423845883836556839673844143791497
,
5083319250309140852843851649425082059243819933067
,
774778120760423010033237150713767189967592833
,
5083319250309135368828068945833008501193673072003
,
5083319250309135368828068945833008501193673072009
,
33351657601278237154880960353610368758299505321893259
,
5083319250309135368828068945833008726627916504457
,
33351657601278237154880960353610370237373576482184587
,
33331333621610637557802235567068864372586853304606081
,
218686879891387393016740467555538819148524312332877405571
,
218686879891387393016740467555538819148524312332877405577
,
1434804618967392685582834207631890192433467995183810014846347
,
218686879891387393016740467555538819148524537767120838025
,
1434804618967392685582834207631890192433469474257881175137675
,
5083319486270096260214768053859699920756773264775
,
5083319486270096260214768053859700146191016697223
,
33351659149418101563269093201373488204355731960405391
,
33351659149418101563269093201373488204581166203837839
,
33351659149418065582641542883105893589988718297537927
,
33351659149418065582641542883105893590214152540970375
,
218820235679331928287711162856057767840940251292609076623
,
218820235679331928287711162856057767840940476726852509071
,
218820235679331928287711162856057777545145232175280479631
,
218820235679331928287711162856057777545145457609523912079
,
1434804618967392685464853729928204734231250686929356268477831
,
9413753105045063409334905322058951261291235753967777005006200207
,
9413753105045063409334905322058951261291245458172757887677603215
,
5083319368289618556529309851643870965808430620039
,
5083319368289618556529309851643871416676917484935
,
33351658375348187349388801936625727268486933606604175
,
33351658375348187349388801936625727268937802093469071
,
33351658375348151368761251618358132654119919943736711
,
33351658375348151368761251618358132654570788430601607
,
218820230600659221130442571868047698633542612571057610127
,
218820230600659221130442571868047698633543063439544475023
,
218820230600659221130442571868047708337747593453729013135
,
218820230600659221130442571868047708337748044322215878031
,
1434804618967392685700814685335575650635686784090374625533319
,
9413753105045063410883045150486711843820731280278765723385568655
,
9413753105045063410883045150486711843820740984483746606056971663
,
33361821139251901383732816809998483412349704092032407
,
33361821139251901383732816809998483412575138335464855
,
33361821139251901383732816809998483412800572578897303
,
218886908494631488909773653452246341986263797003690499479
,
218886908494631488909773653452246341986264022437933931927
,
218886908494631488909773653452246341986264247872177364375
,
33361820365181987169852525545250722476480905738231191
,
33361820365181987169852525545250722476706339981663639
,
33361820365181987169852525545250722476931774225096087
,
218886903415958781752505062464236272778866158282139032983
,
218886903415958781752505062464236272778866383716382465431
,
218886903415958781752505062464236272778866609150625897879
,
33361819591112072955972234280502961540612107384429975
,
33361819591112072955972234280502961540837541627862423
,
33361819591112072955972234280502961541062975871294871
,
218886898337286074595236471476226203571468519560587566487
,
218886898337286074595236471476226203571468744994830998935
,
218886898337286074595236471476226203571468970429074431383
,
33326254949375743832285628554628522243541919065038209
,
218653558722854255283626008946917734439860498787824950659
,
218653558722854255283626008946917734439860498787824950665
,
218653558722854255283626008946917734439860724222068383113
,
218820139186100755884504951409200087876083111054753914245
,
1435678933200007059358236986195761776554979794749418521222541
,
9419489480725246316449392866430393015977222433332902732747758991
,
1435678933200007059358236986195761776554981273823489681513869
,
1434804618972473680381897491378021413310908850635978719878533
,
9413753105078399816985629440931198492732872969004624182372457869
,
9413753105078399816985629440931198492732872970483698253532749197
,
61763634122419381199242714761949593310820379559343526209229616831887
,
1434585998780645994845956030820435990912162299346417852996999
,
9412318737999818372184317518212880536374696843036118061788814735
,
9412318737999818372184317518212880536374696843036568930275679631
,
9412318737999818372184317518212880536374706547241098944460217743
,
218820139186100637904027247723741885658774631166764113283
,
1435678933200006285288322772315470511807217379355680520265099
,
1435678933200006285288322772315470511807217379581114763697547
,
1435678933200006285288322772315470511807218858429751680556427
,
9413753105078399818533769269358959075262368495315387466508393863
,
61763634122419381209400060176264130492796399688058555531477476695439
,
61763634122419381209400060176264130492796399688058555756911720127887
,
61763634122419381209400060176264130492796399697762760512360148098447
,
1434585998780645220776041816940144726164401363477619499195783
,
9412318737999813293511610360944289548364627635638479340237348239
,
9412318737999813293511610360944289548364637339843460222908751247
,
9412318737999813293511610360944289548364637339843685657152183695
,
1435678933200007833428151200076053041302742211270327739342215
,
9419489480725251395122100023698984003987291640732344928246685071
,
9419489480725251395122100023698984003987291640732795796733549967
,
9419489480725251395122100023698984003987301344937325810918088079
,
1434804618972473680499877969081706871513126160468472170274179
,
1434804618972473680499877969081706871513126160693906413706627
,
9413753105078399817759699355145078783997620731421370525834009995
,
9413753105078399817759699355145078783997620732900444596994301323
,
9412319175240262994847848778472394053285583482459826423189331351
,
9412319175240262994847848778472394053285583482460051857432763799
,
9412319175240262994847848778472394053285583482460277291676196247
,
61754226108751365509196735835557377383606713209001620527628955016607
,
61754226108751365509196735835557377383606713209001620753063198449055
,
61754226108751365509196735835557377383606713209001620978497441881503
,
61754226108751365509196735835557377383606713218705825508511626419615
,
61754226108751365509196735835557377383606713218705825733945869852063
,
61754226108751365509196735835557377383606713218705825959380113284511
,
33341487096911485859719221368433684475021887152364983
,
33336408424204328591128233358364477077383165600898487
,
33346565769618643128310209378502896311911730375597495
,
774424017559882935264087113059842314402274743
,
774424017559882935264087113060067748645707191
,
5080995979210391938267675354639400641117871414719
,
5079447131174828473923274156321937231409844346295
,
33326252627638049617410601739434083950496313195388351
,
33326252627638049617410601739443788155477195866791359
,
10158119838332097064911284225532294370879177006519
,
10158119838332097064911284225532294596313420438967
,
66647424259296888842882935803513529980101882409950655
,
66647422710448853279418591402315212516692174382882231
,
437273740403254926366265378190589905468630119728053018047
,
437273740403254926366265378190589915172835100610724421055
,
5079447131174828473923274156324896732157625540023
,
5079447131174828473923274156324897183026112404919
,
33326252627638049617410601739434086909997060976582079
,
33326251078790014053946257338235769446587352949513655
,
218653533327941282207941394396164669778509933581460102591
,
218653533327941282207941394396164679482714914464131505599
,
218720216319162990809641132558638219745528987261109493173
,
1435023339270028382702055470717225359750415667388179882139063
,
1435023339270028382702055470717225359750386090415441544961469
,
218720216319937060723855012849902967507944606433353883061
,
1435023339275107055409212739308213369819624544777275324194231
,
1435023339275107055409212739308213369819624545002709567626679
,
1435023339275107055409212739308213369819594967804536987016637
,
1435023372464255644473406286585667632378652866716844497034677
,
9415188346737981283390018646288565336036341458511184785326988727
,
9415188346737981283390018646288565336036341458511410219570421175
,
9415188346737981283390018646288565336036341427455363410072952253
,
9415188346737981283390018646288565336036341428934437481233243581
,
1435023372464256418543320500465958897126415282336016741424565
,
9415188346737986362062725803557156324046410667388573880769043895
,
9415188346737986362062725803557156324046410636332752505515007421
,
18823201359925838848709988073433448782165625667079539353598811573
,
123499024122473428686386231749796857459788670001671868451072285072829
,
810277097267548165611380066510417181793673463880969128889453295766592959
,
810277097267548165611380066510417181793673463880969128889678730010025407
,
123499024122473428686386231749796857459788670001673347525143445364157
,
18823201359992486275290432394436266185892340339550128438911688117
,
123499024122910702452180526939896342445639644967752882288446984936893
,
810277097270417118788756437252659902785841710633426660676468701574716863
,
810277097270417118788756437252659902785841710633426660676694135818149311
,
666003667789454540534984174412497147
,
1548262178555528634598937834271709896898544127
];

