SMALL_GROUP_LIB[ 6561 ][ 20 ] := [

225537322647617
,
1479299608482939073
,
1479299608482955329
,
9705684280491154358849
,
9705684280491155456065
,
63678994563851698230593601
,
225537322651776
,
1479750408250331266
,
1479750442610069634
,
9708642653998998884483
,
1479750408250331268
,
1479299608482959488
,
9705684731290921750658
,
9705684731325281489026
,
63678997522225206074036355
,
9705684731290921750660
,
9705684731290921750664
,
1479299608483991680
,
9705684731290922782850
,
9705684731325282521218
,
63678997522225206075068547
,
9705684731290922782852
,
63678997521999771831636102
,
63678997521999806191374470
,
9705684731290922782864
,
9705684280491155460224
,
63678994564302497997983874
,
63678994564302532357722242
,
417797883336388914826039070851
,
63678994564302497997983876
,
63678994564302497997983888
,
63678994564302497997983904
,
9705684280491192094848
,
63678994564302498034618498
,
63678994564302532394356866
,
417797883336388914826075705475
,
63678994564302498034618500
,
417797883336388689391832273030
,
417797883336388689426192011398
];

