SMALL_GROUP_LIB[ 6561 ][ 11 ] := [

63698414812270003243450489
,
417797902753678959623207387385
,
417797902753678959623207403641
,
118034448644995467508456670729480429379258
,
774424017559815262322984216656121131465449147
,
118034448644995467508456670729514789117626
,
774424017559815262322984216642146338676416190
,
774187948662525286732256219086348652673785530
,
5079447131174828406250333053425533510226907520699
,
774187948662525286732256219086348687033523898
,
5079447131174828406250333053425519535434118487742
,
774187948662525286732256219086348652673801914
,
5079447131174828406250333053425533510226907537083
,
5079447131174828406250333053425533510261267275451
,
5079447131174828406250333053425519535434118504126
,
5079446895105931116274742325427963737748115873466
,
33326251078790014053878584397132870083365422231510715
,
33326251078790014053878584397132870083365456591249083
,
33326251078790014053878584397132870069390629442477758
,
33326251078790014053878584397132870069616063685910206
,
10159667742091627467845281890161672365188047724218
,
66657580055863167816532894481350732387998808440594107
,
10160441812005841348136546637924087984360292114106
,
66662658728570325085123882491419941265387903882649275
];

