SMALL_GROUP_LIB[ 6561 ][ 15 ] := [

9708644232932056105073
,
63678997523804139131240689
,
63678997523804139131256945
,
417797883336390493759095194225
,
2742007890565937361017042664168626
,
17990313770003115025632816953921903795
,
2742007890565937361017077023906994
,
2742007890565937361017111383645362
,
17990313770003115025628308956248022198
,
17984829754222749781625200658777922738
,
117998468017455461317242941522276155153587
,
17984829754222749781625200693137661106
,
17984829754222749781625200727497399474
,
117998468017455461317242937014278481271990
,
117998468017455461317242937014278481271994
,
17984829754222749781625200658778954930
,
117998468017455461317242941522276156185779
,
17984829754222749781625200693138693298
,
17984829754222749781625200727498431666
,
117998468017455461317242937014278482304182
,
117998468017455461317242937014312842042550
,
117998468017455461317242937014347201780918
,
17984829754222749781625200658777971890
,
117998468017455461317242941522276155202739
,
117998468017455461317242941522310514941107
,
117998468017455461317242937014278481321142
,
117998462533439680951998933905981011221682
,
774187912681897746726065005357141448399609011
,
774187912681897746726065005357141482759347379
,
774187912681897746726065005352633450725727414
,
774187912681897746726065005352633450725727418
,
117998462533439680951998933905981012253874
,
774187912681897746726065005357141448400641203
,
774187912681897746726065005357141482760379571
,
774187912681897746726065005352633450726759606
,
236014904412617803521904770978535473962162
,
1548493787851185408907217202390171265112497331
,
1548493787851185408907217202385663267438615738
,
236032886500364135705749035162151587699890
,
1548611768328889094365419419698876587345730739
,
1548611768328889094365419419694368589671849146
,
1548257862854469514874815212293511557729541298
,
10158119838188174487093662607857729330283752250547
,
10158119838188174487093662607857724822286078368954
,
1548257862854469514874815212293511557730557106
,
10158119838188174487093662607857729330283753266355
,
10158119838188174487093662607857724822286079384762
,
10158119602263177771199630205867632670576370310322
,
66647422710448709356840773780697537951651578959158451
,
66647422710448709356840773780697537951651613318896819
,
66647422710448709356840773780697537947143581285276858
];

