SMALL_GROUP_LIB[ 6561 ][ 2 ] := [

161888224800529018849417905340950807711
,
3775079485956184302502797115803
,
1062148001680899610487664418536535571334559
,
53962711538764041319517655064954045839
,
354049350405831384403114273820246141863327
,
354049350405831957426714189961109818082719
,
354049350405831002387380996393003691050399
,
354049350405831575410980912533867367269791
,
354049350405832148434580828674731043489183
,
354049350405830875048803237250589540779423
,
354049350405831448072403153391453216998815
,
354049350405831066056669875964210766185887
,
354049350405831639080269792105074442405279
,
1253777994739811727791590752651
,
8226037423565499917791172015178139
,
8226037423652837762619116057805211
,
8226037423507274687905875986760091
,
17990310844719976159740085609068283271
,
118034429452207763651947147524830360814991
,
118034429452207763651947147524830360814999
,
118034429452207763739284992352774403442071
,
774423891635935137320434902126370434632959391
,
774423891635935137320522239971198378675586463
,
774423891635935137893458502042511298309178783
,
774423891635935137893545839887339242351805855
,
774423891635935137320551352586141026689795487
,
774423891635935136938477394078828488210564511
,
118034429452207763574313507677768989590927
,
118034429452207763661651352505713032217999
,
774423891635935137320415493716408669290153375
,
774423891635935137320502831561236613332780447
,
774423891635935137893439093632549532966372767
,
774423891635935137893526431477377477008999839
,
118034429452207763603426122620417003799951
,
774423891635935137320444606331351317304362399
,
774423891635935137320531944176179261346989471
,
774423891635935137893468206247492180980581791
,
774423891635935137893555544092320125023208863
,
118034429452207763632538737563065018008975
,
774423891635935137320473718946293965318571423
,
774423891635935137320561056791121909361198495
,
774423891635935137893497318862434828994790815
,
774423891635935137893584656707262773037417887
,
774423891635935136938399760438981426839340447
,
774423891635935136938487098283809370881967519
,
774423891635935136938574436128637314924594591
,
774423891635935136938516210898752018896176543
,
774423891635935136938545323513694666910385567
,
1061878294933757263868945252050819646277015
,
6966983493060381408244062447536762448399877535
,
6966983493060381408244004222306877152371459487
,
6966983493060381408244033334921819800385668511
,
1061878294933757263868945252050819646277007
,
6966983493060381408753339124933485043629737375
,
6966983493060381409326362724849625907305956767
,
6966983493060381408371323391656057801178924447
,
6966983493060381408944346991572198664855143839
,
6966983493060381409517370591488339528531363231
];

