SMALL_GROUP_LIB[ 6561 ][ 18 ] := [

1479750683128234081
,
9705684731565799637217
,
9705684731565799653473
,
63678994564302772874789473
,
63678994564302772875886689
,
63698414806631570177267874
,
63698414806631604537006242
,
417925299546309957401616324771
,
417925299546308604967954421926
,
417797902753673321190141221026
,
417797902753673321224500959394
,
2741172039966850660553985005476003
,
2741172039966850659201551343573158
,
2741172039966850659201551343573162
,
417797902753673321190142253218
,
417797902753673321224501991586
,
2741172039966850660553985006508195
,
2741172039966850659201551344605350
,
2741172039966850659201585704343718
,
2741172039966850659201551344605362
,
2741171912570058023917773531453602
,
2741171912570058023917807891191970
,
17984828918372150694924737601120311459
,
17984828918372150694923385167458408614
,
17984828918372150694923385167458408626
,
417797902753673321190141335714
,
2741172039966850660328550762158243
,
2741172039966850660328585121896611
,
2741172039966850659201551343687846
,
2741171912570058023917773530486946
,
17984828918372150694924512166875912355
,
17984828918372150694924512201235650723
,
17984828918372150694923385167457441958
,
17984828918372150694923610601700874406
,
17984828918372150694923385167457441962
,
2741171912570058023917773531519138
,
17984828918372150694924512166876944547
,
17984828918372150694924512201236682915
,
17984828918372150694923385167458474150
,
17984828918372150694923385167458474162
,
17984828918244753902288101389645322402
,
117998462532603830352912233217489110243491
,
117998462532603830352912233217523469981859
,
117998462532603830352912232090489691773094
,
117998462532603830352912232090489691773106
,
117998462532603830352912232315923935205554
,
5482761495646040107893596851558562
,
35972398172933669147889888949771983011
,
5482761495646040107893631211296930
,
35972398172933669147890114384015415459
,
35972398172933669147888761950353512618
,
35966917500045346424285664245689931938
,
235978945717797517889738243115978124744867
,
235978945717797517889738241988978706274474
,
235978945717797517889738241988978706274482
,
35966917500045346424285664245690947746
,
235978945717797517889738243115978125760675
,
235978945717797517889738241988978707290282
,
235978945717797517889738241989013067028650
,
235978945717797517889738242214412950722730
,
235978945717797517889738241988978707290290
,
235978940237124629567014638891274043709602
,
1548257826895774694589183045765649000381339811
,
1548257826895774694589183045765649034741078179
,
1548257826895774694589183045764522000962869418
,
1548257826895774694589183045764747435206301866
,
1548257826895774694589183045764522000962869426
,
235978940237124629567014638891274043742370
,
1548257826895774694589183045765649000381372579
,
1548257826895774694589183045764522000962902186
,
1548257826895774694589183045764747435206334634
,
1548257826895774694589183045764522000962902194
,
10158119602263177771199629963261027721317570402490
,
10158119602263177771199629963261027946751813834938
,
17987570507827829884372077212998850722
,
118016450101858391871365198594272038770851
,
17987570507827829884372077247358589090
,
118016450101858391871365198819706282203299
,
118016450101858391871365197467272620300458
,
118016450101858391871365197467306980038826
];

